"Dimension 1","Dimension 2"
"A2",0.9441815853764401
"A1",0.9024377880521148
"A2",1.1148716039819002
"A1",0.8708256913159957
"A1",0.11464174741281319
"A1",0.49691293966858274
"A1",0.8275151657374087
"A2",1.2925355090261332
"A2",1.6477343989580056
"A1",0.6138133591236863
"A2",1.3113843996145182
"A1",0.46813269118559453
"A1",0.9994453216020787
"A1",0.01264277955790627
"A1",0.9113901690628599
"A2",15.137919335330821
"A2",1.7047126961507444
"A1",0.63372302482619
"A1",0.3844121229526223
"A2",1.1375863606002454
"A1",-27.863213014931606
"A1",0.9050238503854209
"A1",-19.444062534617927
"A1",-20.328148259187994
"A2",1.4440876436283276
"A2",1.6384108023416029
"A1",0.7525423955443316
"A1",0.9617819552372147
"A2",1.5270087802482366
"A2",0.8483748897483692
"A2",1.2238596994969548
"A2",1.2561204044085137
"A2",1.5148062666573108
"A1",0.2712140684494131
"A1",0.8684808643729951
"A1",0.8023345998166755
"A1",0.973212386121858
"A2",9.511626805343646
"A2",-22.97437445932107
"A1",0.12007968706624572
"A2",0.9180303005927106
"A1",0.037882243924145964
"A2",0.9527658711262281
"A2",1.1331564140738124
"A1",0.035969824170556164
"A2",1.0943372615085185
"A2",1.1253773775158369
"A2",1.1617574466101788
"A2",1.161836685366755
"A1",0.031390443668407375
"A2",36.84422970661858
"A1",0.07379090917893527
"A1",0.2641275372395733
"A1",6.8977442522715595
"A2",1.1424391034005188
"A2",1.7207424155056816
"A1",-10.712823289045241
"A2",1.510882349842669
"A2",1.2893571688146446
"A1",0.2965088961440274
"A2",1.0167544253535377
"A2",1.4692630399652915
"A1",0.4866832495270783
"A2",1.250873333090048
"A2",-6.498971917445935
"A1",0.014574102936799171
"A1",8.264266136397067
"A2",1.1275173976702675
"A1",0.9067197663933555
"A1",-34.803994207367765
"A2",1.0574610830889826
"A2",1.4396882931870938
"A1",0.501627424189466
"A1",0.09377964846667974
"A1",0.9155652968241539
"A1",31.339221590056965
"A1",0.1630148532136515
"A1",0.7515082750951529
"A2",20.18066343894511
"A1",0.6254260090125268
"A2",0.8092991759250716
"A2",-0.6386223435106
"A2",-3.9882056850761884
"A1",0.02832259588036834
"A2",1.6184556066962443
"A2",10.885575933704457
"A1",0.36884410470964846
"A1",0.7803674947519044
"A1",0.502683279430683
"A1",0.3857756177896621
"A1",0.2590912124603182
"A2",1.5521502448794433
"A2",0.8386035571939199
"A1",0.1938168811582861
"A1",0.9717570215103994
"A1",0.6837143934988559
"A2",0.8679731299383442
"A1",0.9807352014288573
"A1",0.27855800651971196
"A1",0.6962968633779052
"A2",-14.734065914108209
"A2",1.2420127537479402
"A1",26.88231472220906
"A2",1.7158106557947488
"A2",1.6864607289529376
"A2",0.8428986038956228
"A1",0.45193960748859463
"A2",1.041951694148855
"A2",1.2686392376259281
"A2",0.8158958337825324
"A2",0.8052296190915287
"A2",1.066149748593239
"A1",-7.598666369761608
"A1",-13.241069943968274
"A1",0.3541354260148786
"A2",1.182407930876818
"A2",1.4802197788457108
"A1",0.21583095307797495
"A2",1.5980085443541636
"A1",0.3779156527233205
"A2",1.4676442734244481
"A2",1.6193726423504473
"A1",0.5662366287099274
"A2",0.9045755279832917
"A1",0.16039188114671243
"A1",4.741908464758174
"A1",0.9939161156645326
"A1",0.8087768911956514
"A2",1.3697843836084607
"A2",1.2876019415534457
"A1",24.641085477261065
"A2",0.9711093736810412
"A1",0.8900598341844379
"A2",1.365678397977064
"A1",0.6828810127850622
"A2",1.3517026149243487
"A2",0.9644355622916712
"A1",0.8839968322072469
"A2",1.498001870788121
"A2",0.9002933789731529
"A1",0.104155850146463
"A2",1.0723359231364018
"A1",0.9527558638146048
"A1",-5.130237794906552
"A1",0.21382692802124192
"A1",26.17654687201878
"A2",1.3341608222880725
"A2",1.2192320850062215
"A1",0.6129422515830263
"A1",0.7488422957495366
"A2",-28.339849588499998
"A1",0.8071781671904583
"A2",1.3909742980761344
"A1",0.8981829804239747
"A1",0.4752540197919075
"A2",1.2423830267850813
"A2",-13.866352625576004
"A2",0.9342707600588398
"A1",0.5300232407283163
"A2",-58.43124693713973
"A2",0.9250418367155666
"A2",-18.744728338266018
"A2",1.010105588233739
"A1",-24.50585262568521
"A2",1.7670504478394982
"A1",25.695894843747176
"A1",0.23288777551458972
"A1",0.704111966725141
"A1",0.5960205805633232
"A2",-25.760276096170617
"A2",1.7687908273454624
"A1",0.3000566256321848
"A1",0.8936668684649971
"A1",0.020561600249401124
"A1",0.35382839828525503
"A2",1.5340295998413986
"A2",1.340828719488517
"A2",1.2351139847168324
"A2",0.8299281693970924
"A2",-45.491640547626886
"A2",1.5387339121842059
"A1",0.740290699138316
"A1",0.8050700658992924
"A2",0.8035338291290814
"A1",0.08186342374036215
"A1",0.7588598810229288
"A2",1.4647037491063715
"A1",0.8258086749737061
"A1",0.6614131051041696
"A1",0.6863623054752863
"A1",0.429380920525984
"A1",0.797152823248761
"A2",1.672670025156921
"A1",0.1908454607496437
"A1",15.54023339697343
"A1",0.5367549012721677
"A1",10.752317460169051
"A1",0.6422025797530924
"A1",0.25129265296767334
"A2",1.4232487761214467
"A1",-19.781293262299076
"A1",0.7399499708255037
"A1",0.3926228025732683
"A2",26.421197668312594
"A2",-5.680438986059766
"A2",13.989244113082806
"A1",0.10361876758789346
"A2",1.0636831085138452
"A1",0.06110308449379276
"A1",0.8815364050877814
"A1",0.18208824606227547
"A1",0.4380148658717071
"A2",1.0463303885642368
"A1",0.12238498064995995
"A1",0.5378474512101448
"A1",25.82885444869709
"A1",0.3363627077653415
"A2",1.1964798923808095
"A2",0.8165733563341635
"A2",1.311631583419842
"A1",0.7787304922907647
"A1",12.722568532522335
"A1",0.40619526602244815
"A2",1.3877252715253896
"A1",0.37034342048984703
"A2",1.131664284162561
"A2",1.5673182985911354
"A2",1.0984509461120688
"A2",0.9701194469107102
"A2",1.026453451922069
"A1",12.81441851890861
"A2",1.6381883781515698
"A1",0.8409823740672957
"A2",1.3185926393569294
"A1",0.7490744423375231
"A2",-3.6346310981540326
"A2",1.1549258081791067
"A1",0.18769099474962392
"A2",1.518197274489616
"A2",1.5931090743495482
"A1",0.4254400773875284
"A1",0.129971960766325
"A1",0.5075350982765958
"A1",0.4915689726744974
"A2",0.923969152094045
"A1",-7.449082908449073
"A1",0.5132633353488918
"A1",0.4157425917620199
"A2",0.9245852216217776
"A2",-37.14999307643147
"A1",-11.582002577716489
"A2",1.368248538738707
"A2",0.9583670315869348
"A1",0.6578284000309498
"A2",1.3164227146100307
"A1",5.739918892982018
"A2",-8.106586302710904
"A2",24.712474479292197
"A2",1.0999726066988313
"A2",22.747039734045142
"A1",0.3267228110827498
"A2",-5.334665951655532
"A2",-8.421840768822124
"A1",0.3593409737259434
"A1",0.5157710664038919
"A2",1.142364044665102
"A1",0.10226199786605883
"A1",-15.517531347680412
"A1",0.15183172719782756
"A2",1.4405224272225017
"A2",1.1357229567389076
"A2",15.493363255332243
"A2",1.1962960798332065
"A2",1.2850964760727983
"A1",17.835827465883238
"A2",-21.608153870014185
"A2",1.4938898614137777
"A1",0.931797946052912
"A2",1.4421843544519728
"A1",-25.30944174722804
"A1",0.4063178066475397
"A2",1.1417529409814768
"A1",0.23067056804476382
"A2",1.356501508921292
"A2",0.8555514220881284
"A2",24.26247229966763
"A2",1.6823593505939727
"A2",1.1589505456046827
"A2",1.3251060076375256
"A2",0.8919483837269164
"A2",-7.735501948322227
"A1",0.40478319280309605
"A1",11.428423951530482
"A1",0.38893656008185884
"A2",1.6302387377348533
"A1",0.4366653098051927
"A1",0.4040024367096142
"A2",3.149549612971853
"A2",1.1633730122401502
"A1",0.4454879816031321
"A2",1.0252348500055082
"A1",0.9257999970521784
"A1",0.3170631298983255
"A2",0.9617816357263023
"A2",-0.7199362192770458
"A1",0.3893810879778461
"A2",1.6612389064319988
"A1",0.946579544790801
"A2",1.275373064255337
"A1",0.16566837223223185
"A2",1.4476440772647376
"A2",1.4080618190306025
"A2",0.9947770369998497
"A2",1.5158895817693414
"A1",0.7357257395797696
"A1",-33.3963814306439
"A2",1.7101261040637066
"A2",52.630912800729824
"A2",1.4082393223649248
"A2",1.1357122159730628
"A2",40.41540087890394
"A1",0.22097209112665417
"A1",-39.76968228114694
"A1",0.3656540191885045
"A2",4.962673204494451
"A1",0.4319784505390134
"A1",-11.760862065014587
"A1",0.8364120750894843
"A1",0.08006777711581115
"A2",1.1809011479506029
"A1",0.6853473358855111
"A1",3.5170904740067215
"A1",0.43188239340052137
"A1",0.4901161164254719
"A1",0.28776273360717686
"A1",0.4860052084049611
"A1",0.17545918244051428
"A1",-8.210898455138784
"A2",1.347870403182568
"A1",0.8460823591416942
"A2",1.5246383607411558
"A2",0.8444459247277021
"A2",1.2705470510885992
"A1",0.7108670031670494
"A2",1.7788984188678285
"A1",0.3241007079708149
"A1",0.28243867393195443
"A1",0.7524929370982016
"A2",1.418156052135022
"A1",0.9544158354968297
"A2",1.2134234399010317
"A1",0.1986993278202258
"A1",0.5670830427888884
"A1",0.7278255950555625
"A2",1.0818955213087804
"A2",1.3571431302241086
"A2",1.1462887672135265
"A2",0.8562746720179344
"A1",0.8540848974082531
"A1",0.4778980588366184
"A2",1.2849514178929822
"A1",0.950887883385596
"A1",0.7972982892756473
"A2",1.2399890350297373
"A2",1.5362412493018685
"A1",0.313289836238799
"A1",0.25719009521721725
"A2",0.9814378533732961
"A1",-7.367606598930567
"A1",0.28373318261490854
"A2",1.7653342143892266
"A1",0.13878179793646672
"A1",0.8914215871123436
"A1",0.8877292461334134
"A1",0.7161065658614023
"A2",1.3252444928828504
"A2",-1.1479096312338668
"A2",20.37327433126763
"A1",0.7539339264896094
"A2",0.8825114544080233
"A2",-11.097634921343307
"A2",0.9514795801845606
"A1",-37.984946200456626
"A1",0.38150319321021775
"A1",-20.12621269227449
"A2",13.271734431607968
"A1",0.3669297391221178
"A1",0.4870078114155447
"A1",0.29831361284744573
"A2",1.1099430332597018
"A2",1.7078348115549655
"A1",0.1950751253036891
"A1",-17.604742877728654
"A2",1.607963230592042
"A1",21.48591830690081
"A1",-8.759635934148838
"A2",1.333698173062015
"A2",1.7138239762894438
"A1",0.505765068218998
"A2",-3.6068589659897503
"A2",1.2841132735905867
"A2",1.5015100937034362
"A1",0.7421959073869113
"A2",0.975276420411878
"A1",0.14527912820497213
"A1",0.2780267759559041
"A1",-13.873948051431263
"A2",0.8752915923071016
"A1",0.30909315401384685
"A2",1.11423890124547
"A1",-46.66676352118394
"A2",1.3783557757317997
"A2",1.1664212340802378
"A1",0.6125532080252707
"A2",1.2858847863520106
"A2",0.885958865061709
"A2",1.7751737306748556
"A1",0.23003566810630272
"A2",17.465189760946522
"A1",0.02073708932618845
"A2",1.5142186886026578
"A2",0.8465261342263477
"A1",0.48248803841207577
"A1",0.33646796766493514
"A2",0.9725481677775019
"A2",1.79422927675644
"A2",1.5727670874477293
"A1",0.6375262487694531
"A2",1.4613904543754406
"A2",0.8787382968932542
"A1",0.8155164008748019
"A1",0.8079520307524932
"A2",1.5682822690727742
"A2",1.3847065972364498
"A2",0.8843154700825975
"A1",-4.879980766634375
"A1",0.44315236850038575
"A2",1.075509311311623
"A1",0.1422633719834865
"A1",0.12583912898326477
"A1",34.220324814312825
"A1",0.5736422417678144
"A2",0.908800279639284
"A2",26.333284775394002
"A2",1.5769725311481437
"A2",1.3971632977885329
"A2",35.524184429885324
"A1",0.3574847903687828
"A2",1.0063440994682946
"A2",-0.871866307604237
"A1",0.9903106778276911
"A2",1.1687653279224302
"A2",1.7358734258790285
"A1",0.2649161894480643
"A1",0.49743911888859005
"A1",0.4430376269348113
"A1",0.14675144470505064
"A2",1.0096286571977442
"A2",1.4580239250550284
"A2",1.0515902779093604
"A2",1.1358996129656083
"A2",0.8110414938237722
"A1",-12.769613679045156
"A1",-29.295010509845948
"A1",0.5732756261366061
"A2",1.7118917002373863
"A2",-4.03751784557959
"A2",0.8979026665793433
"A2",20.038515075989327
"A2",1.397632311624596
"A2",14.23289122341226
"A1",0.4117534975823893
"A1",0.1130680785550815
"A1",0.11053096064559265
"A1",0.8343681859178138
"A2",1.2612880485300808
"A2",1.6047154048269696
"A2",1.1832704487932801
"A2",1.7681127049880303
"A1",0.6772954026948459
"A1",0.6149736926417102
"A2",1.6330131268592383
"A2",0.852262201411512
"A2",-12.142872929720609
"A2",1.3497834656304406
"A1",0.8589382808721213
"A2",1.17335443421702
"A1",-19.502459642284574
"A1",0.6899061901607872
"A1",0.6136223272909525
"A1",-5.054270438701651
"A1",0.5617850485181215
"A2",1.4639094900632033
"A1",0.12105981669083987
"A1",0.4341210582969124
"A1",0.9870429282989157
"A2",-11.313136487746462
"A1",0.756359854860656
"A1",0.3067653484382604
"A1",0.11447477877136314
"A2",1.2878185326382334
"A2",36.84774550172078
"A1",0.40071067892511913
"A2",1.5909148651705156
"A2",1.029047629972822
"A2",0.965822255528676
"A1",0.9571982131120922
"A1",38.92194434246737
"A1",0.40048807144961174
"A1",0.9015860007347409
"A1",0.7621953174787108
"A2",1.3773147446049943
"A1",0.43283722610356645
"A1",0.12543397692623626
"A1",0.8463340079745567
"A2",0.8754121563405144
"A2",1.7398535383639757
"A1",0.9367552497080973
"A2",1.7351504426018323
"A2",1.4370524941181546
"A1",0.06928416383169744
"A2",1.5363847040286085
"A2",6.8269331014246895
"A1",0.4980471693704065
"A1",0.14819059528450818
"A1",0.40999010889461895
"A2",0.9263481518640748
"A2",1.787808126274138
"A2",1.2936554251878223
"A1",0.27930507794445303
"A1",0.48649983317496703
"A2",1.0421144581308308
"A2",1.539713562363884
"A1",0.8948913510295844
"A2",1.3559170054024299
"A2",1.4200797985004647
"A2",0.9607350151638321
"A2",4.500609814944626
"A1",0.01738770103641829
"A2",0.8221756121138861
"A2",0.9119351978765615
"A2",1.6670445634155382
"A2",1.3433866847851326
"A2",10.835976022415828
"A2",1.3769678651897863
"A2",0.808558747571652
"A1",0.6601874987787215
"A2",-11.627923385395409
"A1",0.4318398256269018
"A2",1.3705735802033312
"A1",0.7813073419745509
"A2",10.29755217838209
"A1",0.1650657705417009
"A1",5.000740332712969
"A1",0.8250915333175959
"A1",0.881664869857335
"A1",0.9187101766639452
"A2",1.0567473499621147
"A2",1.5470835950481645
"A1",0.6131013186172947
"A1",0.6852912232986692
"A1",0.23894358291800355
"A2",0.8128747178197784
"A2",1.0952305834733123
"A1",0.45246255735586005
"A2",0.8673070403856822
"A2",32.0748086934681
"A2",18.9692055638224
"A1",0.40431125193348794
"A1",0.08478114145075732
"A2",1.7542660542329604
"A1",0.7946498393269379
"A2",1.5361295582733996
"A1",0.84629311321028
"A2",1.6405627297399075
"A2",-10.253354508461067
"A1",0.8953306175282758
"A2",-10.25361064550666
"A2",1.7069906289538987
"A1",0.7931070446015203
"A1",0.18006649315488144
"A2",1.0033568299121653
"A2",1.0254127238376043
"A2",0.854946037913896
"A1",0.3713189071048928
"A2",7.575125344548504
"A1",0.06591097757976883
"A2",1.4473172062757182
"A1",0.216933781335223
"A2",1.3196277063672708
"A2",1.1570479931850324
"A2",6.0410016646928355
"A1",0.037329040556654425
"A2",1.1706821447053557
"A2",1.49445355194934
"A2",1.0782637065063485
"A1",0.6057519892464909
"A2",1.2704597675977087
"A2",1.0172493293435598
"A1",0.2617256197381177
"A1",0.7316216044744697
"A2",1.1386945776464126
"A2",12.283746986025466
"A2",1.0733993371872195
"A2",1.1827565381772522
"A2",1.492292929717153
"A1",0.32355736404992363
"A2",1.187572678221582
"A2",17.32265303721955
"A2",1.3552597881247224
"A1",0.24564036138525425
"A2",1.6782786258142364
"A1",0.6305629908294916
"A2",1.0224184404364896
"A2",7.553863051559069
"A2",1.056060557945781
"A1",0.9574465743170599
"A1",42.27934988155833
"A1",0.5119778249600138
"A1",0.09278276893673287
"A2",0.9309681116397908
"A1",0.9504972087005159
"A1",0.8774224936787132
"A1",0.47319017034083277
"A1",0.02017527185487733
"A1",0.5034089252005285
"A2",1.5803363319753443
"A2",-7.705002381966124
"A1",0.8072939663300471
"A1",0.2711721833069076
"A2",1.4817491410182104
"A2",-25.24574286570422
"A2",1.7375980575092977
"A2",1.6351170246088507
"A1",0.5016122899957121
"A2",0.8688193804269599
"A1",0.08214670976389993
"A1",0.2346626717543172
"A1",-11.443824282349777
"A1",0.8390920751283586
"A2",1.2883722029387508
"A1",0.8879131038215158
"A2",1.7073660324152138
"A2",1.3332378720089397
"A1",0.005398776209110556
"A2",1.6116302731952241
"A2",1.5799679083567444
"A1",0.2328890647892934
"A1",0.5814290225937317
"A1",0.11495114023853792
"A1",0.9799017124597622
"A1",-32.210652688798426
"A2",0.9341970753206479
"A1",0.27382925670172464
"A1",0.8835996400883699
"A2",0.9445840731654682
"A2",15.114453320649744
"A2",1.4599726944772824
"A2",1.545671257450048
"A2",1.289941723710392
"A2",0.803678952204256
"A2",-3.568191262385068
"A1",-27.128935260718762
"A1",0.646351481586521
"A2",1.4160906392318398
"A1",2.42082536791173
"A2",1.0884266149453905
"A2",0.8310515443631192
"A1",0.09036780812477896
"A1",0.7080350615932303
"A1",8.062756623372868
"A1",27.452033633115892
"A2",1.3544462527226238
"A1",0.7259441411160439
"A2",-47.83557781430442
"A2",1.6850772034751675
"A2",1.6154014288825178
"A2",0.9476345309960361
"A1",0.0004941781651923716
"A2",0.9093286622992152
"A1",0.09721089582888465
"A1",0.3262222921355096
"A2",0.9327475093462785
"A2",0.8034166490043944
"A2",1.4630515058072375
"A2",1.6441705119122725
"A2",1.3301653261517978
"A1",0.8959968398379241
"A1",0.3850363487476449
"A2",1.3240274007484116
"A1",0.8624610453007833
"A2",11.573256740981115
"A1",0.4226878575358042
"A1",0.8304051089515037
"A2",1.3007836309375136
"A2",1.4122409640009315
"A2",1.5624254203381844
"A1",0.02700906266453762
"A1",0.4802934851757872
"A2",12.651043310665576
"A2",1.3664586232141238
"A1",-18.582134079409876
"A2",0.8952868838436199
"A1",0.8361187288673793
"A1",0.1645322299572074
"A2",0.9678662182918107
"A2",-2.362071454950716
"A2",1.1847627915694956
"A1",0.8921120256804644
"A1",0.6325233373841237
"A2",10.426401557441816
"A1",0.5932249304549346
"A1",0.10569676482325896
"A2",10.777721860376552
"A2",1.7362461051045968
"A2",1.155799423405192
"A2",1.131806311801908
"A1",0.4755813276813614
"A1",0.024733324433231507
"A1",0.33921518097850356
"A1",-7.720743279709926
"A1",0.01549723917008694
"A1",0.6553549295351988
"A2",-16.216609190055443
"A1",0.29961024119996815
"A1",0.07720982035424173
"A1",0.8395465436216814
"A2",1.0987963211404908
"A2",1.2142954198653941
"A1",36.72096554859507
"A2",23.574929760175085
"A1",0.05829464017560815
"A1",0.8747418429027829
"A2",1.1949346495522506
"A1",0.8879703433135906
"A2",18.335074149639212
"A2",1.0068188535975904
"A2",-23.20386336376471
"A2",1.2669767799485157
"A1",-23.593588160652597
"A2",0.8430950277210569
"A1",0.6338210002685138
"A2",1.7621404940274445
"A1",0.07676909106931129
"A2",28.102336338151655
"A2",1.5032329516651237
"A1",0.9015573192393045
"A1",0.7875248757275821
"A1",0.6209161926775477
"A1",15.002793650659097
"A1",0.9032561228407301
"A1",5.045048222168095
"A1",0.9798726003030098
"A2",1.117798368906069
"A1",0.8219549393674652
"A2",1.523150753508837
"A1",0.665409418231611
"A2",1.2910635510956567
"A2",0.37545343580693147
"A1",0.22426978615940207
"A2",-17.625746651013024
"A2",1.058363523532777
"A2",0.9825686197849932
"A1",0.5875937489104393
"A1",0.3473597219738047
"A1",0.03913397000878649
"A2",0.855704846351361
"A2",1.417088104337792
"A2",1.4372929276980817
"A2",1.1538280043531468
"A2",1.2541745974418288
"A2",0.968307872677969
"A2",0.9534362777730903
"A2",0.9759577008444977
"A2",1.320650302530229
"A1",0.09703977347046622
"A1",0.5425427370186864
"A2",1.101707569670334
"A1",0.8212438664933228
"A2",1.1961040458112593
"A2",0.9438935700318352
"A2",1.5619978191814963
"A1",0.9487450016235308
"A1",0.8699185036086534
"A1",0.09634822241014707
"A2",1.3314655923471088
"A2",0.8389063501014502
"A2",1.3320097770172634
"A1",9.637756292911954
"A1",0.577409936771422
"A2",1.0720643583806417
"A1",0.4289958294779297
"A2",19.401109906869785
"A2",1.0121865324799977
"A2",1.4164916611820184
"A1",29.436444705434518
"A2",1.5321725909428425
"A2",0.6327627439866335
"A1",0.7590142388250498
"A1",0.8502854056411668
"A2",1.3049465007825691
"A1",-22.667241309514793
"A1",0.7158715069369737
"A1",0.7498351436088935
"A1",0.7792741043441764
"A2",-0.7647643899947392
"A2",1.691164275636268
"A2",0.8279966596791206
"A2",0.9442109446443812
"A2",1.432000288970558
"A1",0.35318470139199176
"A1",0.2791017912037115
"A2",1.2551205502508853
"A1",0.9780115984304996
"A2",0.8056393806016253
"A2",1.7443162079958174
"A1",0.6803864356296716
"A1",0.35287293272889864
"A1",0.6578413587215883
"A1",0.5616515826186963
"A2",1.0851172712584247
"A1",0.8009150087571566
"A1",0.7983447817124354
"A2",0.8062588259998222
"A1",0.6674815554927576
"A1",43.77644012888361
"A1",3.7569220032857205
"A1",0.33901678321582973
"A2",1.5611080138570452
"A1",0.7339176929621614
"A1",0.7671542236908897
"A2",1.1676217762009273
"A1",8.431575707035709
"A1",0.45322604311433623
"A1",27.91670703182894
"A1",13.10638258381795
"A1",0.8587095100762363
"A1",-51.69015393940346
"A2",-13.235610709551887
"A1",0.9702960957680087
"A1",0.8437838736857259
"A2",23.799155556606667
"A2",1.0479902856946646
"A1",0.7886979842636841
"A1",-16.36895368166596
"A2",1.4479846222179513
"A2",0.9154084321859477
"A1",0.2745622310667837
"A2",0.9530536362125062
"A1",0.8355477412477441
"A1",0.27774695085111145
"A1",0.4484560139399918
"A2",1.043817090609178
"A2",1.6980534179467068
"A2",1.0428131800556397
"A1",-4.265783940505413
"A2",1.0269575419459502
"A2",0.8989942369091737
"A2",1.7842078805141828
"A2",1.6103052588814208
"A2",1.7710985370026924
"A1",0.5874389253051853
"A2",1.3517544020764127
"A1",-4.22842307684423
"A1",0.9045035101963035
"A2",-6.536374944225297
"A2",1.6265987088871672
"A2",-24.14576942606371
"A2",1.2142151299094441
"A1",0.7440579342789724
"A2",1.0002877744548555
"A2",0.9850615787482977
"A1",0.27531518917772324
"A2",1.1266192387954181
"A1",0.34528904866827204
"A2",0.838745644234689
"A2",1.511739402144233
"A1",0.7959355555781524
"A2",19.587878533825688
"A1",0.26743810768838294
"A1",0.882474207485491
"A2",1.6712963836277108
"A1",0.5882398991853934
"A1",0.011356171139325077
"A1",-28.854535874421003
"A1",0.028372314356521988
"A2",17.806610693028524
"A1",0.7619260198514646
"A1",0.5529508783586405
"A1",0.03848072289330151
"A1",0.7854283246602061
"A1",0.39308859611712665
"A2",0.9846289529389225
"A2",1.0030138937641189
"A2",1.0449195963853501
"A1",0.33372649326198855
"A2",1.1662020396717565
"A1",0.9108751595154798
"A1",-33.1941433488355
"A2",1.9239136187097616
"A1",0.7938445689453244
"A2",0.9932071873853181
"A1",0.32747163637313736
"A1",0.8299263864959003
"A1",0.7310808626003693
"A2",1.1491498795517738
"A1",0.5868365459215894
"A1",0.31449348215496786
"A2",1.029532976433113
"A1",-2.704556900322321
"A1",0.8752119945891594
"A2",1.4883853516300214
"A2",1.1866223443610295
"A2",19.640631971303325
"A1",0.7909283506205247
"A2",0.9062580266756288
"A1",0.3966568616440249
"A2",1.7170796137023463
"A1",0.5022983310480982
"A1",0.9452076849423852
"A1",0.6872369568682892
"A1",0.650963921108046
"A2",1.2901441613751814
"A2",1.5955865148220127
"A2",14.3831570473573
"A2",1.3266915116555558
"A1",-9.29304048616071
"A1",0.06101587362059169
"A1",0.31899979320101113
"A2",1.1237599618241616
"A1",0.2813217704684994
"A2",0.8990817612662116
"A2",-22.06164563455907
"A1",0.9468235977882489
"A2",1.0445447547425246
"A1",0.6837348146138804
"A2",1.5656584543641001
"A1",0.5561169876795042
"A1",0.31717665213960267
"A2",1.7750002483735035
"A1",0.3591524158475705
"A1",0.7492838120745382
"A2",1.729638276248595
"A1",0.8103333777861077
"A1",0.7727438066506347
"A1",0.18246142068940063
"A1",0.8395516193890591
"A2",1.6235236989743442
"A2",1.4476089401188386
"A2",0.872641251769007
"A1",0.9774369046623386
"A1",4.883944609014744
"A1",-13.944194776200852
"A1",-6.69040271715841
"A1",-28.82445628863703
"A1",0.6703576787747509
"A1",-16.868876299062567
"A2",0.9187354022726784
"A2",1.4497963201032915
"A2",2.018592354803233
"A1",19.61461907306271
"A1",0.5860447159216049
"A1",0.9027000965345722
"A1",0.15326663128556905
"A2",1.578639947405598
"A1",0.2724472861143008
"A2",1.2409493527156983
"A2",0.9163272962082009
"A2",1.0279105452054937
"A1",0.33883638877767264
"A1",0.5591930040077628
"A2",0.9995496719936603
"A1",10.5979472152648
"A1",0.8038227493786652
"A2",1.0504555098148236
"A1",0.5065614495206294
"A1",-27.474611469847538
"A2",1.3209385036903891
"A1",0.8807089263078938
"A2",1.6365558156741267
"A1",0.01653408475961826
"A2",1.5203356266619035
"A2",1.1539761995337277
"A1",0.3990982197344761
"A2",34.92590141497858
"A1",0.40420179080024665
"A1",0.5717353595847396
"A2",-7.3558224084063655
"A1",23.820717189686473
"A2",1.0040257202396232
"A2",1.4578000579138544
"A1",0.7687617692153601
"A1",0.5322934033848692
"A2",1.4315875640626339
"A1",21.430489789743326
"A1",0.7429133046549223
"A2",1.2245417343447431
"A1",11.247694776684394
"A2",0.9517689358297399
"A1",0.6140938129597531
"A2",1.2496519228648506
"A2",25.285025714968096
"A2",1.565140540156547
"A1",0.8533054845021928
"A1",1.0172382392814698
"A1",0.7919160965839969
"A1",0.5295595190226157
"A1",0.6451943074394704
"A1",0.0562302396093346
"A2",0.9494951527625572
"A1",0.4453840597235086
"A2",1.3026077146710286
"A2",1.6857035006941135
"A2",0.8717103954329597
"A1",0.872883833877002
"A1",0.42399868000375585
"A2",1.6800014395316647
"A1",0.8776005852340847
"A2",-1.5044494384863325
"A2",1.52033261402618
"A1",0.3527643050437217
"A2",1.6845209379037953
"A2",-27.062811307685276
"A2",1.062062827375901
"A2",1.6016828201411957
"A1",0.25402336741370046
"A2",1.136021275763938
"A2",1.7304798263798948
"A2",1.6372246201491363
"A1",0.7066329825674553
"A2",1.4492795778970216
"A1",0.9903355013694466
"A1",0.0011965640196989202
"A1",-5.5446738045174575
"A1",5.65835946961096
"A2",0.8632115031419518
"A1",0.9636341877921946
"A2",-20.445324510024943
"A2",1.3503348038564336
"A1",19.618335452237492
"A1",41.77421757793419
"A2",1.7667049028826138
"A2",0.8480732595841365
"A2",11.004854389779394
"A2",1.1877402772375871
"A1",0.7068751946318927
"A2",1.5402696006743288
"A1",0.18219764449746956
"A1",1.4949020958927879
"A2",1.493368570225547
"A2",1.3972004156458122
"A1",0.23782795576574678
"A2",17.041694457667614
"A1",0.33541098082390275
"A2",0.9592352576855203
"A2",1.2532968108613878
"A1",0.9221943411058615
"A1",0.07358905218358269
"A1",0.38241762405865454
"A1",0.9604186966086801
"A2",21.498142727140124
"A2",24.297312399666232
"A2",1.2885432342934358
"A1",0.9365538199519765
"A1",0.4268375837998266
"A2",0.8182283066873268
"A2",1.6942287324424579
"A1",0.0619548096245941
"A2",1.7064842932126763
"A2",1.4537770375504149
"A1",0.7085020496300727
"A1",0.6253872839014889
"A2",0.9231567907558387
"A2",1.6089093270329162
"A1",0.4768956171766656
"A2",0.8165169985689325
"A1",-17.111424147033514
"A2",1.0349172462711913
"A2",1.2879260505500518
"A2",1.6628389320244286
"A2",-6.0161150883468295
"A2",1.1252766193854737
"A1",0.07510376668305718
"A1",-4.610151323354898
"A2",1.6718692741140215
"A2",1.148215911744798
"A1",0.14073375423736634
"A2",-11.15908533791504
"A2",0.9823577909770687
"A1",0.1733095222253087
"A1",0.4877995622738065
"A1",-2.086076155790467
"A2",5.051859610172101
"A2",16.714425196311375
"A2",1.5458093463269515
"A2",1.4962610069929465
"A1",0.7939607240848756
"A1",0.5170898646423787
"A2",2.0699152951742046
"A2",-26.794389651478173
"A1",16.079711930808134
"A2",0.8679846886500981
"A2",1.4298175670002684
"A1",0.6787047516980771
"A1",0.9689340137584541
"A1",0.08287475235165487
"A1",0.5265773038772406
"A1",0.45096173631211856
"A1",4.306979852189876
"A2",1.4999389449520666
"A2",1.1064022628404115
"A1",0.7010572305190745
"A2",-13.752389224437046
"A1",0.2665942886989745
"A1",0.016765215911589415
"A1",0.8022430004102172
"A1",11.636613755929222
"A1",0.16706047762158494
"A1",-4.806167436742585
"A2",0.8312988757515687
"A1",0.5448105429822563
"A1",0.739652778612562
"A1",0.48351295595121724
"A2",1.4836062653066586
"A1",42.215710597939044
"A2",1.2169373551676286
"A1",10.390968542183572
"A2",0.9214123094714775
"A2",1.6466572270820379
"A1",0.756009175038161
"A2",7.107421804039647
"A2",1.0459196374605744
"A1",0.7575732753499473
"A1",0.16448719172414172
"A2",-6.436409042293389
"A1",0.8585713465776776
"A1",0.4292854071208325
"A1",0.1062049796698532
"A1",0.854405279627023
"A2",0.9318828145695428
"A1",0.7504126607793178
"A1",0.8196951232390834
"A2",0.9638787887962941
"A1",0.8594368624051316
"A1",0.39150341164608626
"A2",1.2505550190913213
"A2",1.5290736370852858
"A2",16.308369556484333
"A1",0.7304490989402728
"A2",1.6932806075441587
"A1",0.71480772695077
"A1",0.23590593378688607
"A1",0.5033671179078816
"A2",-10.526427096591734
"A2",1.2371272204258792
"A2",1.0637704730682696
"A2",1.1008193813825906
"A1",0.5604564786042434
"A1",-12.337470270934098
"A2",1.0986974567930752
"A1",0.7869092476338979
"A2",33.323151866199694
"A2",-7.509536292372216
"A2",1.3042794306577796
"A2",0.9241675870311477
"A2",1.7717577259707264
"A2",-5.644539687154866
"A2",1.2788930011768944
"A1",9.986906539794752
"A1",7.593535929746817
"A1",0.4806176412319394
"A1",4.579542386890889
"A2",1.4198311988661256
"A2",1.4900518838046677
"A2",1.1132686598148107
"A1",0.4771603830419171
"A1",0.47257601209289435
"A2",-5.4624748888731745
"A1",0.43349721872672276
"A2",0.947298532480723
"A1",0.1812499506306562
"A2",1.4275753572400456
"A2",1.4004681212967494
"A2",1.0546437520382244
"A2",0.9777822092226374
"A1",0.7231166071890751
"A2",1.0838156674182393
"A1",0.25935609831544837
"A1",0.8698690059792928
"A1",-19.03320529435612
"A1",0.5339764806850944
"A2",1.1662988063303705
"A1",-26.26389234651148
"A2",1.0300357737955326
"A1",0.48029005489763277
"A2",1.1491341432439304
"A2",0.9958387267532576
"A2",1.3042817089397511
"A2",1.526835512463632
"A2",0.8098385443527241
"A2",1.5797040675071132
"A1",0.20386545527674516
"A2",1.5468631555258232
"A1",0.4168630345255244
"A1",0.561616802133327
"A2",0.8963056402613929
"A1",0.4310015277328405
"A2",-3.807849654966235
"A2",4.064664804550617
"A1",0.2102205708288727
"A2",1.3889543931343924
"A1",0.49986429093443285
"A2",1.0530524364526836
"A1",0.14537083400751838
"A2",0.8946010545168654
"A1",0.828022867589409
"A2",1.4677236922940204
"A2",1.6470882556161162
"A2",1.6653462729563893
"A1",0.13274684622210087
"A2",0.8090550427418313
"A1",0.48454655249416123
"A2",0.9913643223431587
"A1",0.7653256514757913
"A1",0.7746763177512774
"A1",8.300986094650979
"A2",6.858894968817637
"A1",0.14435340039663913
"A1",0.42817771814087036
"A2",1.39853979281944
"A1",0.7222196478133973
"A2",1.2813998595011318
"A2",1.3015746822443959
"A2",-17.325589013815694
"A2",3.2962312691764044
"A2",1.071784090857148
"A1",0.25702938105645057
"A1",0.11822835191130832
"A2",1.714180472361355
"A1",0.39941160294503186
"A2",1.1452694863783255
"A1",0.6018064795949793
"A1",-10.805609660925224
"A2",1.1615826266598819
"A2",0.988635892748057
"A1",0.6545135327395069
"A2",1.2706503084702871
"A2",1.6137741568946713
"A1",0.5509550725935111
"A2",1.6601519563679763
"A2",-1.4641126489397742
"A2",-5.158056647858988
"A2",1.1325360663237123
"A2",0.8231741114144355
"A1",36.9137254353389
"A2",1.6684083920808443
"A1",0.11713854650216526
"A2",1.0641491852049947
"A1",15.77418100641141
"A2",9.621067114197949
"A1",0.7954044243113163
"A1",0.18607890638085123
"A1",0.3819928332098419
"A1",0.9109981669059757
"A1",0.9393393793635667
"A1",0.9703264392537203
"A1",0.8736998276323149
"A2",0.9725876705052594
"A2",-35.988275704833626
"A1",16.727903249308206
"A1",0.5565826861246073
"A2",1.0953382170266137
"A1",0.8645718012082793
"A1",0.13445664984705408
"A1",0.23575268152908957
"A2",1.7647546348730219
"A2",0.8641455109388105
"A1",0.4318542020741005
"A1",12.512112165646277
"A1",0.9992928856646539
"A1",0.08610513596639446
"A2",20.294281651492962
"A1",0.64899969118246
"A1",0.6215742115851304
"A1",0.07275110350238068
"A1",0.7226687123944888
"A1",0.9632505205565871
"A1",0.3539960934872928
"A2",1.0374376742879603
"A2",12.602675288748095
"A1",0.807862260660279
"A2",0.9621604198726883
"A2",0.9592275865642201
"A2",0.9037134678863363
"A2",0.9084305556088919
"A1",0.4367298018722354
"A1",0.7453429146868076
"A1",0.7916113693070679
"A1",-28.99562806981837
"A1",0.18075902259135335
"A2",1.7006111380550504
"A2",1.2504897894995088
"A1",0.04718192038869096
"A2",1.1589699980103945
"A1",0.3804201158041953
"A2",1.4345194191595145
"A1",0.8135411762071585
"A1",0.1962718195475055
"A1",0.1187861998840356
"A1",-5.511099155918878
"A2",1.2000874056286281
"A1",0.7069678956755805
"A2",1.147681124048753
"A1",0.5648877479071608
"A2",-18.057738798721275
"A1",0.9575364344325104
"A1",0.2636254245080223
"A2",1.186387330163043
"A2",36.29113101638796
"A2",1.5602420214506048
"A1",0.2819534354214308
"A1",-12.186478245472046
"A2",1.5679542825258848
"A2",1.2445102155531054
"A1",0.19318326139479103
"A1",0.12386138651022915
"A2",1.144473862872705
"A2",1.183647852421967
"A1",0.23274669131600056
"A1",0.5417791527053712
"A2",1.2587426704286584
"A2",1.6816752331068694
"A2",1.3115282635378607
"A2",1.7207870511032755
"A1",10.61152021458348
"A1",0.1258752687069522
"A1",-1.3719185225028707
"A1",0.5658834051274715
"A1",6.069913373500107
"A1",0.8610471882454953
"A2",8.560250858543718
"A2",1.4685310876836475
"A1",0.8709350609007771
"A2",1.6589563883006717
"A1",0.8799025537081018
"A2",29.463700934978775
"A1",0.08723126968785544
"A2",1.2992225693429862
"A1",-0.06281661068400396
"A2",0.9249621048235279
"A2",1.177459370133515
"A2",1.0215466020642263
"A2",1.0654998247623697
"A1",0.378769741569281
"A2",0.8468231483018516
"A2",1.4285250365184172
"A2",1.6945169203035513
"A1",-7.927934486625866
"A1",0.1734887529001763
"A2",27.52235283492891
"A1",-39.95244951098517
"A2",1.7427377487167224
"A1",-1.9784370757010297
"A1",0.3222607958365489
"A1",0.7045559311071525
"A1",0.9631350888945094
"A2",1.0635124372518465
"A1",0.8305530826286971
"A2",0.8244137009890089
"A2",1.6914927583598354
"A2",1.6599134784088303
"A1",0.4264841734624274
"A2",1.2187359912154507
"A1",0.39485519602362307
"A2",0.9472587990300381
"A2",1.0313952889918347
"A2",1.797225675067059
"A1",0.17784101474876213
"A2",1.4702392179885149
"A1",0.7746870370759971
"A1",0.4911169289286299
"A1",0.9089497776546418
"A1",0.9262129032657918
"A2",1.4215884887580938
"A2",1.6303150856854096
"A2",1.215547058099939
"A2",1.7349160414616795
"A2",1.378274698574189
"A1",0.766613136184954
"A1",0.42192667727590805
"A2",1.0023362090401304
"A2",1.2328588535063436
"A1",0.9842660621151447
"A2",1.369154012051578
"A1",0.5798409632092512
"A1",0.5102561414867655
"A2",32.46692853025465
"A2",1.0857787404568802
"A2",1.4709462193279976
"A2",1.2415517786054688
"A2",0.8211035049163873
"A2",1.5010781247528062
"A2",1.6739084731586462
"A1",0.5342711352724763
"A2",-14.62105580367918
"A1",0.06520467647291639
"A2",12.912648809152618
"A2",1.118908072655405
"A1",0.9417314179137168
"A2",4.2459271604040145
"A2",1.2199881560724615
"A1",13.01902118364198
"A2",-9.460396792508487
"A2",1.266955521996621
"A1",0.4888070981531716
"A1",-13.264252885376415
"A2",1.734388203648826
"A2",-6.941449313263773
"A2",-9.800068982912858
"A2",0.8001350757270029
"A2",-8.275273382417671
"A1",0.5712452763575071
"A2",0.9566804896185364
"A2",1.0254533614487347
"A2",1.4297367574318771
"A1",0.9215393765050635
"A2",1.4792461171647746
"A2",0.9161875010348521
"A1",0.5895496280955665
"A1",0.2187736387807393
"A2",1.3921505885899488
"A2",1.4204135590274647
"A2",1.317941248530995
"A1",0.44297790215239696
"A2",28.263352639890794
"A1",0.9561939994093591
"A2",1.5653338811730548
"A1",0.1145727055687169
"A2",1.3023449147531776
"A1",-31.97195348819598
"A1",0.6712335240174636
"A1",0.49351038569783134
"A2",6.712262946461403
"A1",37.36165390111026
"A1",0.5416677079990009
"A2",1.7550032899726304
"A1",0.4669990202190326
"A1",0.48206546807698203
"A1",0.561190522788297
"A1",0.9478116305978979
"A2",1.6365421552881463
"A1",24.41232466654774
"A2",1.7471955177397933
"A1",0.6498663607423025
"A1",5.4931847171087265
"A1",1.0717962550217042
"A2",1.4970576736890617
"A1",18.118112554472976
"A2",1.3152266005555087
"A2",1.6510676518224394
"A2",1.6879656905745797
"A1",0.5111306654502072
"A2",1.2662443114728312
"A1",0.39521983463585486
"A1",-19.86681257770283
"A2",1.3381310654474077
"A2",40.56000888108486
"A2",1.601977693131925
"A1",0.8597333662263547
"A1",-7.4475840568726355
"A1",0.6823448031818602
"A1",0.9981165377467023
"A2",1.314284657796279
"A1",0.40313370537176163
"A2",4.710914478670382
"A1",0.4483622819139692
"A1",0.5066906972074345
"A1",0.6338106697265824
"A2",1.136246636649291
"A2",1.0145212223846831
"A1",0.22930292259963458
"A1",0.4588306350182305
"A2",-4.97504180686496
"A2",1.7038574013320684
"A2",1.248044094157827
"A1",0.5466123757839316
"A1",0.456397741200226
"A2",1.3730204233115217
"A1",0.7014040887868791
"A2",1.1125995118098908
"A1",-1.0898992807595218
"A1",1.9934692308465742
"A1",0.7481772140161786
"A2",1.00598907563068
"A1",0.3533240473903654
"A1",0.919500310018925
"A2",18.14205589133837
"A1",0.46702692432761883
"A2",1.4749408742873693
"A1",0.3858918118019705
"A1",0.29546711358623434
"A1",0.5127624439284975
"A1",0.5128352578979725
"A2",4.248924185142407
"A1",0.9940062704430714
"A2",1.0383390592073642
"A2",1.690629843266808
"A1",-19.822014646352272
"A1",0.7942653460602207
"A2",1.2494844461225334
"A1",0.6772272608282945
"A2",1.7484795093854557
"A1",14.874462567347084
"A2",1.552288427370617
"A1",0.06744730132472765
"A1",0.32521199400335
"A1",0.12641456757848668
"A1",0.12279937821143183
"A2",1.13561025039217
"A1",0.007567716277264491
"A2",1.375849529004367
"A1",0.8623606354227602
"A2",1.3414590721954818
"A2",27.490287399617728
"A2",1.7158340018379792
"A2",1.4487386781575724
"A1",-36.24476083171933
"A1",0.45330009508164393
"A1",0.8011350574500826
"A1",0.6384012141404092
"A2",1.0157497974950878
"A1",0.5221609813428119
"A2",-13.893529933623013
"A2",1.4408101426606206
"A2",1.5207327776032658
"A2",1.0924925663854723
"A2",1.776643321006332
"A2",1.2341559963440663
"A1",17.075231080075085
"A1",0.5003556025379512
"A1",0.35148549335658164
"A2",1.5912074511729368
"A2",1.7230788700722042
"A1",0.7137868376415095
"A1",0.12362661707998979
"A1",8.448108321326123
"A2",1.0814846202559136
"A2",1.6548966452330638
"A2",1.100979130949134
"A1",0.29442973868228806
"A1",0.5536493660627664
"A1",0.896687045096904
"A2",1.201082164738319
"A2",1.4901767742163106
"A1",0.6442051350072941
"A1",-49.93006701928864
"A1",0.15349474068030045
"A2",0.9862364492045144
"A1",0.01804360672964589
"A2",10.255619191444874
"A1",0.7395573188070139
"A2",1.0833487489900688
"A2",1.5571234958316647
"A1",0.45317071034527134
"A1",0.47738871424939333
"A2",8.509410311233228
"A1",0.7376273424816973
"A2",0.9359174569391102
"A1",0.6315081817931045
"A2",1.5473182184277985
"A2",-19.289495836672952
"A2",1.3756012959435293
"A2",1.4927230168751078
"A2",1.2575839512449702
"A1",0.7185735516601306
"A1",0.8919846534303424
"A2",1.378168123379082
"A2",1.5563899681043376
"A1",-46.153233959610375
"A1",0.16599982913772138
"A1",0.7446553601372503
"A2",1.3725878018281414
"A1",0.9881400019333297
"A1",13.930749630233079
"A1",0.11156891797577084
"A2",1.2972899357451364
"A2",0.9729166971610883
"A1",0.06497506993025204
"A2",1.097019019459469
"A2",1.641838448203182
"A2",1.3553009958367843
"A2",13.23888496150444
"A1",0.8044100595729546
"A1",0.25776976075599567
"A1",0.48670510315312265
"A2",0.9819972450658891
"A2",1.1917027765868629
"A2",1.5163643495694354
"A2",12.04585970508742
"A1",0.2754947043479141
"A2",1.249141136671932
"A2",1.4852829243641628
"A2",29.304923224637385
"A1",0.39028116090537135
"A2",1.6269548465980632
"A1",0.551630639980812
"A2",1.6628019551141822
"A1",3.9931091435885815
"A1",0.640025681536661
"A2",0.8233931244169623
"A2",1.3116614268973603
"A1",17.86183077230482
"A2",4.7229419585269445
"A1",0.7311684424977953
"A2",1.7267286642320143
"A2",0.9565475712266718
"A1",0.6888448488865464
"A1",0.18368358853232558
"A2",1.1548294179967267
"A2",1.454498785261102
"A2",32.49304648807567
"A1",0.24465172769012455
"A2",1.6266977033020493
"A1",0.2609584948691688
"A2",1.3287869243486072
"A2",1.4678530099951135
"A2",0.856114295668603
"A2",-40.0733869065281
"A2",1.5585471869468892
"A2",-2.079429787902775
"A2",0.9553262197758394
"A2",-11.303783629051793
"A2",1.7103347934401039
"A2",1.7922853676037098
"A1",-7.454975696767923
"A2",1.358921015928405
"A2",1.704856769968073
"A2",-6.118261972625687
"A2",-43.09204318979098
"A1",6.421941796956956
"A2",0.9214541612892642
"A2",1.156477232715652
"A1",0.8452712717082571
"A1",0.7638461680640114
"A2",1.7671455171050783
"A1",-16.980447113302947
"A2",1.7277835640660952
"A1",0.9349728052476387
"A2",1.7161348901422182
"A2",1.7531004414870475
"A1",0.25396730077325524
"A1",0.4649515368400532
"A2",1.5897205944669859
"A1",0.29028618503713677
"A1",0.7127326246158066
"A2",1.102998027342725
"A1",0.7022268281660098
"A1",0.31058310119382027
"A2",-22.67287225622403
"A2",1.1398084939290043
"A1",0.2635639414045856
"A2",-11.940409982320569
"A1",0.553949449857777
"A2",1.6120162445290982
"A2",1.6990609577791345
"A2",29.082363552621878
"A2",1.352249523224244
"A2",1.7412063155820339
"A1",17.685814849731866
"A2",1.057920458956258
"A2",-11.334903980802542
"A1",-4.050220828953555
"A2",1.0190604718552334
"A1",0.11507873821634518
"A2",1.180423482857581
"A1",0.9298665781505133
"A2",1.4363646289153316
"A2",1.7620295570072981
"A1",0.7204472470006609
"A2",1.1341534020792685
"A1",-8.420416802207548
"A1",20.13610126999277
"A2",1.13445943965253
"A2",0.28228800579440283
"A2",1.2748076459255986
"A2",17.16515691576724
"A2",1.2061498086211133
"A2",1.211007747601586
"A2",0.9491029664885158
"A1",0.6254392741425576
"A1",0.000491147096018274
"A1",0.5691072580895338
"A1",0.44931480997151496
"A1",9.469474312091146
"A1",0.6295616133220221
"A2",1.3431882060698876
"A2",1.4552804863940896
"A1",0.6529509593879004
"A2",0.9019326948657584
"A1",0.9326275902063064
"A2",1.774366526837263
"A1",0.003915808889617622
"A2",35.02250380970137
"A2",1.4343760974222508
"A2",1.7051677187991112
"A2",1.1497895016694752
"A2",1.5514357369811198
"A2",1.1062051561782795
"A2",1.2868180242601424
"A2",0.9836811951595743
"A2",1.5341891017576081
"A1",0.8395533042253842
"A2",1.0400223476200865
"A2",1.0258365795064028
"A2",1.2796056573036105
"A1",0.5166177723972936
"A2",1.5764397363341436
"A1",0.2959269002653151
"A1",0.08132402694675567
"A2",1.0253744878541369
"A2",1.6042687871388914
"A1",0.3183261598138003
"A1",6.468873208000688
"A2",14.37590599189005
"A2",1.0816450910616238
"A2",0.8354510998470435
"A2",11.903432919987626
"A1",0.7327748936251484
"A2",18.80689617757622
"A1",0.5461655205054883
"A2",0.9265043209206463
"A2",1.7897332968553987
"A2",1.6620672423988694
"A1",-13.474548773057471
"A2",1.1788817799660583
"A2",1.1493872888948544
"A2",1.4442300484800146
"A2",1.2750130318808237
"A1",0.8887461817493787
"A1",0.4846201769221159
"A1",34.61649835592002
"A1",0.3434868988473101
"A2",-0.725716327727858
"A1",0.6163837507072907
"A2",1.0600461267314047
"A1",0.7793334645113537
"A1",21.55042178176917
"A1",0.26400527382137784
"A1",0.6831477108686561
"A1",0.9208095486886885
"A2",1.3512997279704804
"A1",0.9731789999249154
"A1",35.70708751780962
"A2",1.7782183371658067
"A2",1.0926871042224096
"A1",0.8154099798126939
"A1",0.6898361479046538
"A2",0.9892806273980908
"A1",0.021633893709204877
"A2",1.650879746919458
"A1",0.2907077546319512
"A1",0.9006771204523729
"A2",1.603577322450761
"A2",5.705134022252034
"A2",1.7366775722079424
"A2",1.1274006867979585
"A1",0.43901478280696726
"A2",-13.190466059578512
"A1",0.7243692448012478
"A2",1.1602172102376929
"A2",0.9275136462775648
"A2",30.402692569211542
"A2",0.9424253249860441
"A1",16.343712672877558
"A1",0.9685518767270913
"A2",1.5568291775857628
"A1",0.8893781813139361
"A2",0.9399541963925464
"A1",0.18311876668289373
"A2",1.1955919397477328
"A2",1.6852184181465688
"A1",0.4068408564639048
"A2",1.6294546585689922
"A1",30.462726434766555
"A1",0.48202360111736064
"A2",1.4849336659128716
"A1",10.222759563185638
"A2",1.2438940578374107
"A1",0.42605140501306726
"A1",0.07913676873658315
"A2",0.8324446238201277
"A2",1.7963725896647602
"A2",1.3793693665026108
"A2",0.8170030507983748
"A1",26.92583641878938
"A2",-18.620710207449008
"A2",1.0199400990897316
"A2",1.6514656267691432
"A1",0.7082400183192346
"A2",1.7487056526883331
"A1",0.36848263547892857
"A1",0.032650165747817095
"A2",0.9134716616777956
"A1",40.84468778630093
"A1",0.33403472473842344
"A1",0.12199057789911505
"A1",0.6283552236754375
"A2",1.3603297423852574
"A1",-13.066335533318185
"A2",1.1362720161566386
"A2",1.0147988176502871
"A2",1.614436546860202
"A1",0.7291485547412622
"A1",0.9541697139804093
"A2",13.523328821275218
"A2",1.5772182370519447
"A1",0.2915349145880948
"A1",0.7034098288511104
"A1",0.26873736681220217
"A2",-24.238538663150557
"A2",1.4203291411992864
"A1",0.3462629479551058
"A1",0.2020695916980766
"A2",1.064079391845253
"A2",1.3773944251592796
"A1",0.8400409897990484
"A2",1.1038720215874784
"A1",-43.9722023801301
"A1",0.05518371686221113
"A2",1.1379152056193742
"A1",0.019595041018817483
"A1",0.24935182232381492
"A1",0.4385587191953215
"A2",1.4814598536493926
"A2",0.8377151637586595
"A2",1.1928713712144634
"A1",17.832141445533615
"A1",0.023558842132602287
"A2",1.4982628801204831
"A1",9.203344594415091
"A1",0.7510253814262029
"A1",0.45220057990594453
"A1",0.6803034811343058
"A1",0.03694295513605561
"A2",0.8555746031055556
"A2",1.522800293373046
"A2",1.6612179255423305
"A2",1.404457577369267
"A1",0.9815021866329201
"A1",-18.873217740859474
"A1",0.6416229980914361
"A2",1.2388911556185656
"A1",-15.68528013644525
"A2",1.3453596624920756
"A2",1.2462996519433105
"A2",1.7588790974047217
"A2",1.313430410173913
"A2",1.1206412884522599
"A2",1.737246725898778
"A1",0.002610508289319746
"A1",0.7243578020279233
"A2",1.443136108790237
"A1",0.5632108407249006
"A2",1.5624781091194162
"A2",0.8700187173409399
"A1",-36.78475594459761
"A2",0.9940519491237012
"A2",0.842395436196822
"A2",-23.134796206331323
"A1",0.15882333680892224
"A2",1.52104244922523
"A2",1.0148602564609623
"A1",0.2812674310243197
"A2",1.2507442644743048
"A1",0.849549258125023
"A2",1.0607016334622617
"A2",0.9004224674969814
"A2",13.518636548901432
"A2",0.8497459608242766
"A1",0.6991227946466447
"A1",0.8851715611416229
"A1",0.20879518090869986
"A1",0.7543143099273306
"A1",0.29580002264148897
"A2",0.8960924577256213
"A2",0.8166104007820156
"A2",1.0499899042401664
"A2",1.5480273339252624
"A2",1.2771203870371992
"A1",0.9296454394397813
"A1",0.42385860117786445
"A1",0.14284866429469822
"A1",0.603826536572887
"A1",0.013769225546739872
"A2",0.8211895490472667
"A2",-15.1806722826706
"A2",0.8976038300317182
"A1",0.554030562035428
"A1",0.5536116992141229
"A2",1.2142163361991816
"A2",1.1010127565622494
"A1",0.0781495557894678
"A2",16.038819111287573
"A2",1.1044383879669004
"A2",1.1660939589387684
"A1",0.16395712958919906
"A1",0.4159005354420593
"A1",0.5751528030946402
"A2",0.9116311931246464
"A1",0.42339446752269416
"A1",0.00012180499417113744
"A2",1.552260180984482
"A2",12.766641376606229
"A1",-15.752556515103992
"A1",-19.065183287688303
"A1",0.5317694468970604
"A1",0.6062634623710288
"A2",1.4718574317605044
"A2",1.388752156534958
"A2",1.3976894943124825
"A1",0.937977883281883
"A2",-27.59965816974956
"A2",1.1149867035243652
"A1",0.3012696754235429
"A2",1.2845071667800274
"A1",-11.48715773227135
"A1",0.6878121624820173
"A1",0.7116799009006347
"A1",0.1600275905588675
"A2",1.383769707458984
"A2",1.4159115597884184
"A2",1.3551604437053646
"A1",0.35061469834682746
"A1",0.8331786101580088
"A1",0.6438552580772523
"A1",0.1829829471679265
"A2",1.7743969747147026
"A2",1.6514973086388247
"A2",1.0394165403549553
"A2",1.0851076169402396
"A1",0.6404682415605927
"A1",-0.6032339809392326
"A1",8.765492053945856
"A2",1.6888668359607386
"A2",1.78559533116436
"A1",0.8978585810640296
"A1",0.6237014809834018
"A2",1.4809078910477964
"A1",0.15308755899756754
"A2",0.9177649744584291
"A1",0.41676126456994855
"A2",0.9255504267915786
"A2",0.8718470776286518
"A2",0.8327774487117652
"A1",0.5817360977205845
"A1",0.4949771363934288
"A2",0.9518572752706607
"A2",1.343575356034014
"A2",1.6409251000164824
"A2",1.646814073912171
"A2",1.2625501112022632
"A2",1.6523916704534791
"A1",33.746600281689524
"A2",1.6473309884916871
"A1",22.35474502490578
"A2",1.2874187769409606
"A1",0.4058023433228033
"A2",1.3754306871840978
"A2",1.4546122653291935
"A2",1.5339779194873142
"A1",0.6402647856916603
"A2",0.9266687665046032
"A1",0.5129743074956585
"A2",1.013132249661214
"A1",13.660974865540188
"A1",0.23024543418488008
"A2",0.8838577880710676
"A1",0.45775389737820427
"A1",0.7335002623676297
"A2",1.4963274984755526
"A2",0.8897349491353672
"A2",1.5423063210643537
"A1",0.19880760875730297
"A2",0.9867839046293232
"A1",0.2798121188225924
"A2",1.0608291410412034
"A2",1.2111015226537996
"A2",1.048562654343436
"A1",0.6073957903117428
"A2",0.918966535964389
"A1",0.16888298811124658
"A2",1.3948124526433916
"A2",36.94519216467811
"A2",1.685609846068072
"A2",1.796329057339188
"A1",10.865386731816947
"A2",1.2609878316502392
"A2",-6.60182854298793
"A2",1.341969193330927
"A2",1.7992408636369728
"A2",0.8918596000911796
"A1",0.4004548053725383
"A1",17.91273919357281
"A1",0.0668287382817323
"A2",0.9971575951122595
"A2",1.528634537336744
"A2",0.9484748133755598
"A2",1.471985302196668
"A1",0.4929876707387415
"A2",1.2259820050050956
"A2",0.9356360499375902
"A1",0.6102575989053323
"A2",-12.450108454394849
"A1",0.25349974740993897
"A2",1.3976635993170115
"A2",1.569015849413301
"A2",-3.4845615614917627
"A1",0.07038964469195874
"A1",0.7438839451995383
"A2",1.5310268593339336
"A1",0.5214991417147616
"A2",1.1150497311362808
"A2",1.2301374249799826
"A1",0.23953708813827013
"A1",-18.04744461913767
"A1",0.25787192098547274
"A1",0.34003163492265664
"A1",0.5777855830273233
"A1",0.027069747758351692
"A1",12.009980223979287
"A1",0.24587239555214624
"A2",-10.853819618389606
"A1",0.9344950014452278
"A1",-26.331205883030666
"A1",0.6942372333923204
"A1",0.016769587003778952
"A2",-56.441643539069055
"A1",0.4785518789590393
"A1",0.22208383497981754
"A2",1.0313117579542292
"A2",1.0863099220749464
"A2",1.1800097245901793
"A1",0.5440638358594343
"A1",0.35810175821191614
"A2",1.4252509214885634
"A1",0.3366029389057923
"A2",1.2010699210917497
"A2",1.256262202520318
"A2",1.7762737699547166
"A1",13.728173456265033
"A1",-4.793623399460428
"A2",0.9997606299059707
"A1",0.18786481164641344
"A2",0.8581256430519808
"A1",0.9861937009044319
"A1",0.4788460426778036
"A2",1.3662009705894935
"A1",0.12094886643900082
"A2",1.3148141125119313
"A1",0.12029814807609052
"A2",1.0146027923828171
"A2",1.5490296043574436
"A2",1.6701491432648106
"A2",0.3293898441806098
"A1",0.9335593850666233
"A2",1.3990166125995283
"A1",0.770412943566211
"A1",-18.13239442453641
"A1",0.6605025882938844
"A2",1.6940240686888335
"A1",0.9913651114855566
"A1",0.1234888259633582
"A1",14.619301400352015
"A1",-16.681066421810584
"A2",1.2349605270810224
"A2",1.241961420084363
"A2",1.0461965693399213
"A1",0.9506761082465269
"A2",1.4713759356776508
"A2",1.5042481356653166
"A2",1.3715318820335365
"A2",1.3359570661228066
"A1",0.1925810313679306
"A2",0.9876941172541089
"A2",1.3819616491319422
"A1",0.9615941812484017
"A2",1.3622261918065655
"A2",1.0226728409418646
"A2",1.898068510418951
"A2",36.41233607205297
"A2",30.49709093261541
"A2",1.4961190017712034
"A2",8.235641507759981
"A1",0.3418499698879536
"A2",0.9334901792669594
"A1",0.6820231768766818
"A2",1.2646756338560021
"A2",1.229448647560848
"A2",0.9017918890082566
"A2",1.289288621975769
"A1",-18.902923512662117
"A2",1.2408389947857386
"A2",1.3037455524053012
"A2",1.616111320726177
"A1",2.2113014154881556
"A2",0.8098380274652781
"A1",0.5441718854415847
"A1",0.9071769647610552
"A1",0.8622162071421142
"A1",0.4023611427474272
"A2",1.3067860187013625
"A2",1.3257742090052749
"A2",1.725566319058831
"A1",0.9428363396718265
"A2",1.049838188128796
"A2",1.796925775836779
"A1",0.3962634162993053
"A2",1.3371222003031977
"A2",-0.20343244262716387
"A1",0.9221574505937771
"A1",17.680529562093472
"A1",0.8284939899167092
"A2",1.6550327829619154
"A1",25.509367118397172
"A1",0.00235754202794225
"A2",1.714560624802825
"A2",1.1154138563814848
"A1",0.7030945470009418
"A1",0.9207459647736227
"A2",1.0680266230691746
"A2",0.884753942168929
"A2",1.4508638299963799
"A1",0.8854958562866775
"A1",15.386663201721774
"A2",-1.7895336732266973
"A1",0.6718785895155233
"A2",1.0412745955447829
"A1",0.7526700187306952
"A1",0.913051171536216
"A2",1.5672749548213962
"A1",0.37076274741090165
"A2",1.7658983108948347
"A1",0.388591483341699
"A1",-12.561202293979331
"A2",0.8734494197489231
"A2",1.060545137879655
"A1",0.11554896924305824
"A2",1.4546877881454467
"A2",1.7021194655814254
"A1",0.5277878390332491
"A2",0.9511922587136539
"A1",-24.98438118119406
"A2",0.8653766911467982
"A2",0.8022795682256167
"A2",0.9993542006940008
"A1",0.5289054383217804
"A1",-19.66959776478622
"A2",-13.081162563778673
"A1",0.8995881224563356
"A2",1.3278567215096913
"A1",0.6099336293659461
"A2",1.5310269068575464
"A1",0.22761785773945564
"A2",1.7902372653126604
"A2",-0.1442910438403886
"A2",1.2851628446444052
"A2",-8.380134725701621
"A1",-13.871757660169077
"A2",1.1917539271963744
"A2",29.643240516174654
"A1",9.840174495731864
"A1",0.48909857548806634
"A2",-8.303624439535453
"A2",1.1021743068151348
"A1",0.13985717552526888
"A1",0.07654210927155258
"A2",0.948425064952165
"A1",0.40751203870469355
"A2",1.419375743012879
"A2",0.8264375997130184
"A2",1.236262963616546
"A2",11.731265457910183
"A2",1.2454495865247215
"A2",1.2976970472547846
"A1",-3.883576649271167
"A2",1.049379617257381
"A1",0.37116891657884543
"A2",0.8781686438525493
"A2",-1.0375552115120212
"A1",0.0709034443557035
"A2",1.0582598059638177
"A1",0.23239174167219856
"A2",1.3827607402530833
"A1",12.306326907834158
"A2",0.9879203134030041
"A1",-0.04018398367551379
"A2",1.32776522096517
"A2",0.9451515925607805
"A1",0.13509409164190256
"A1",0.7159323411299581
"A1",0.47444923050236243
"A2",3.1546555279919226
"A2",3.706365638380759
"A2",1.7995343034274542
"A2",1.6295055494630792
"A2",1.2153315195018362
"A2",0.8873313415634767
"A1",0.7667570794020491
"A1",2.643406756558493
"A1",0.10514030458747237
"A1",0.26094829494486826
"A1",0.7654611571639414
"A1",0.9063195578077596
"A1",-2.6407779714419917
"A2",1.6883264655436752
"A2",1.0750822005639478
"A2",1.1984139775907539
"A2",1.6685183503856835
"A2",1.120970571893321
"A2",1.118423445801405
"A2",34.83307043234075
"A2",0.8585054558890921
"A2",1.2341693903835464
"A1",0.8338609016285725
"A2",1.0053941797831734
"A1",0.5298806537128935
"A2",1.5611758903868258
"A1",0.40481136594701006
"A2",1.2131848831948668
"A1",0.9863570176539058
"A2",1.0159357344203768
"A1",0.5223405404622503
"A2",1.4341510912849633
"A2",1.752208638524602
"A1",0.17622370513995622
"A1",0.19670478852322493
"A2",1.5354239831132905
"A1",0.6461701997676081
"A1",0.4364486203404154
"A2",1.4275043211967773
"A1",0.5116536291271898
"A2",-8.531551093538507
"A1",0.7790994625237606
"A2",1.708349233712213
"A2",-2.0611527373250826
"A2",1.6435320111761131
"A2",0.8933120379346295
"A2",1.0507442167002659
"A1",0.9776586519000232
"A1",15.781253972027525
"A1",0.22778648951582503
"A1",16.673875263200603
"A1",0.10020098735301564
"A1",0.44638194697376465
"A2",1.2646537891578942
"A1",0.12403675411887383
"A1",0.027406379035528117
"A2",1.3764615853553352
"A1",0.5365262488776652
"A2",0.914843367825245
"A1",0.7221430325052716
"A2",1.7319130649850105
"A1",0.9385819999103902
"A2",1.7783264230068523
"A1",0.023311999955710316
"A1",0.5912073804516902
"A1",0.4309138966564394
"A1",0.35930167681021863
"A1",0.8603498469700046
"A1",0.7331110331793038
"A2",-9.657923691322392
"A2",1.4849632530710675
"A1",0.49993424581728485
"A2",1.4411613034906623
"A1",0.14526241970565468
"A1",0.9017348379953947
"A2",1.2711819717603807
"A2",1.210357731428954
"A2",1.6733756019054216
"A2",0.8140073590364536
"A1",0.36010427511531407
"A1",0.27563772693456356
"A2",1.6399735831130104
"A2",-9.131788935056266
"A1",0.012212911466454868
"A1",0.9051118156181
"A1",0.9938889400102151
"A1",0.29970687782004113
"A1",-10.549358318645101
"A1",0.034356520099026566
"A1",0.06739198276075609
"A1",0.17475583329544464
"A1",-9.950245815783488
"A2",1.7224441950433325
"A1",0.862361120167533
"A2",0.8864787507586978
"A2",0.9096862471020621
"A1",56.14520971876709
"A2",1.629043952197833
"A2",29.349368233919858
"A2",0.9380727543626546
"A2",1.434089826963495
"A2",0.8427455537258544
"A2",-21.097348285721424
"A1",0.6019970607623484
"A1",-2.12333372499198
"A2",1.0708065670827924
"A2",0.8689551336388261
"A1",0.3277825078338086
"A2",0.8234275330404148
"A2",1.4499906189893765
"A2",1.110425036172277
"A2",1.493333905252665
"A1",0.31741462531930575
"A1",0.7982591641833034
"A1",0.38473615434844977
"A1",0.5946849143307289
"A1",17.346093216376254
"A1",0.025651207763947026
"A1",0.5040832609243981
"A1",0.5432792575104757
"A2",0.3295858854873315
"A1",0.6401475300462347
"A2",-43.569743280120385
"A1",0.6568577273708838
"A1",0.9844233133971869
"A1",-1.2898865766469312
"A2",1.19480029843316
"A2",-43.66956381834205
"A2",1.1630943504819193
"A1",0.8460480296691266
"A1",0.6963173905337114
"A2",-23.68890429728783
"A1",0.18108541467374262
"A2",1.5229376996678552
"A2",1.7147167083434758
"A1",0.8777872084456562
"A2",1.2859467599161298
"A1",0.6414890790730916
"A2",1.7557624861585708
"A1",20.928843183585155
"A2",1.6523582948801014
"A1",0.9576813423457027
"A2",1.6372757131235183
"A2",-5.927822469750955
"A1",0.47776219645963636
"A1",0.6935478345972035
"A1",0.7852925119831735
"A2",1.7569630079316596
"A1",0.769607025205181
"A2",0.9408393512917279
"A2",1.0154347563703354
"A2",0.8953219538282908
"A1",0.5704748483528375
"A2",1.6188903897837594
"A2",1.5585800853055582
"A1",0.3118782616384157
"A1",0.983056872289584
"A2",-18.045591768623915
"A2",1.493247799561598
"A2",1.3653873751163321
"A2",0.8827043310908811
"A1",0.7490243664682374
"A2",1.3478321122806083
"A1",0.4275656324599486
"A1",0.6952596459695928
"A1",0.7367866053947789
"A2",-20.363874572844836
"A2",1.766977837457156
"A1",0.9091574520745098
"A1",0.13403766820631025
"A2",0.9570234283433927
"A2",1.2497057241173146
"A2",44.11938007721511
"A1",0.9260857342297284
"A2",1.1539093983651252
"A2",1.7057220372396764
"A2",-4.588589735675665
"A2",1.451452345104737
"A1",-6.183549104281737
"A2",1.5312419137784037
"A1",-15.233199025834265
"A2",-7.8307532138720335
"A2",1.2192574413663397
"A1",0.4580265556567682
"A2",1.3519811789856095
"A1",0.38422628165725503
"A1",-12.682748887864141
"A2",2.6243913820733304
"A2",1.6648498022264797
"A1",0.017473969098238618
"A2",1.701213533656626
"A1",0.24538046544030667
"A2",1.2057099775792062
"A1",0.7740535679444362
"A2",1.7432773690203267
"A2",1.382436290374901
"A2",1.6450031584936107
"A2",0.9189852443633528
"A2",1.4015022213307344
"A1",0.888965118921369
"A1",26.245624215418324
"A1",0.06850652989366823
"A2",0.9742002379868135
"A2",1.580274632429619
"A2",1.512618932617022
"A1",60.84641878186289
"A1",0.5463493546250668
"A1",0.3644403354602439
"A1",0.4628821972134156
"A2",1.441342890537732
"A2",1.0842317405219175
"A2",1.1389430368501414
"A1",0.4153071621399338
"A1",0.6507992664071454
"A1",0.7789272596285539
"A2",1.4142278314891579
"A1",0.5902552605158262
"A2",1.5598249466790786
"A1",18.392324637510505
"A1",0.6245596364727348
"A1",0.9893212220948377
"A1",2.562522945160612
"A1",0.9996680851749467
"A2",34.06107932697761
"A2",1.5473434945537394
"A2",1.690412797572724
"A1",0.5730271807386114
"A1",0.9904541521703756
"A1",0.7251340045354202
"A1",22.116353924452127
"A2",1.4023643020590362
"A1",0.9893646442834048
"A1",0.7820587134526267
"A2",1.5217128198170613
"A1",-6.974568701552752
"A1",0.1493292921486935
"A1",0.5483446181832341
"A1",0.11597036835203034
"A2",4.998072038442533
"A2",1.5300457264702054
"A1",0.7424416579815691
"A1",0.43047143832806967
"A1",0.632880007804153
"A2",1.7546366789774852
"A2",1.080103931558106
"A1",0.040076657812115446
"A1",0.05247230293529226
"A2",1.3648809995071285
"A2",1.7923951805953064
"A2",6.566177825191709
"A1",0.7622063945545738
"A1",37.80348297083167
"A1",0.7321163336723211
"A2",0.8561349687054667
"A1",0.9554000349526353
"A2",-3.4509841963394
"A1",0.6526481344839756
"A2",1.757258312866676
"A2",1.1035142738494175
"A1",0.9264471266723338
"A1",0.4204615888020189
"A1",0.9351085049075809
"A2",0.8332772588347885
"A2",0.8537003562244303
"A1",0.10338191031414756
"A1",4.73365403901448
"A1",0.40798943898393514
"A1",0.18596917251041178
"A2",1.0763509841207541
"A1",-26.154807096581255
"A2",1.1163258823248479
"A1",0.7551650065109621
"A2",1.5563811932363623
"A1",0.9698894157693358
"A2",1.105958971662528
"A1",0.8988712513595882
"A1",-16.067121346207365
"A1",0.5852339903046986
"A2",1.2218028840183939
"A2",1.5370090376014272
"A1",0.7937902465769877
"A2",-21.344637179795523
"A1",0.3823693459752686
"A2",0.850560780739309
"A2",1.6964585425472738
"A2",1.6864583054023248
"A1",0.538322150284561
"A2",-3.8608097374262647
"A2",1.1654032253614384
"A2",1.4435989509568536
"A1",0.9011509712978545
"A1",0.48956266301316154
"A2",0.8174805076159353
"A1",5.76317509775229
"A1",0.2647862738650759
"A1",0.9978279152767686
"A1",0.1778587924733308
"A1",0.31945664990432254
"A1",-8.730030106566531
"A2",1.4394407976824135
"A1",0.2951256091870271
"A1",0.6387889403653901
"A1",0.13679031558817956
"A2",-15.836812255466064
"A1",8.56118858448937
"A1",0.34843022485803865
"A2",1.7655307728826177
"A1",0.7540794154320174
"A2",1.1424534228237195
"A2",1.661914980504459
"A2",1.3640079216084797
"A2",1.2863518324288639
"A1",0.4298249179124487
"A1",0.35962471959967446
"A1",0.712729558649551
"A2",1.3217630376192953
"A2",25.206094080604796
"A1",0.0642847007663796
"A1",-6.736881692711654
"A1",0.00040239845288625453
"A1",0.4628869161775646
"A1",0.7192425118529411
"A1",0.41143120720917303
"A2",0.8924823408786824
"A2",1.592168153391575
"A2",1.0668171521612653
"A2",1.23799591021632
"A2",0.8117913085287005
"A1",0.33776474289378844
"A2",1.2373807565622588
"A2",1.0498219688137413
"A2",1.197141437942013
"A2",-20.064057091928724
"A2",1.0627017588545244
"A2",1.0578839478569932
"A2",1.60053049417423
"A2",1.131227027669558
"A2",1.4590653929496256
"A1",0.47311252282855754
"A1",15.244935750204641
"A2",1.737802491946268
"A2",-26.45340679306797
"A2",0.8479016081431228
"A1",0.5209360555838065
"A1",0.02031289125444169
"A2",-31.31877375930426
"A2",-34.22249585595177
"A1",1.0558015404224919
"A2",1.0182662913242453
"A2",1.4303743684258763
"A2",0.8863578239349093
"A2",1.106343862177725
"A2",1.379858994894986
"A1",-11.173062372523033
"A1",0.7495256297538124
"A2",1.1688700439943709
"A2",1.0753349034811264
"A1",0.8018038357341968
"A1",0.7104663708359746
"A2",1.5871204251722433
"A2",1.357910670771281
"A1",0.764945771157509
"A2",-9.697483462207012
"A1",0.8188547731399853
"A2",4.839227550148713
"A2",0.9432831124623489
"A2",11.525992209360453
"A2",1.191609353582135
"A2",1.1169244238931102
"A2",1.4603369299674935
"A2",1.139441637793326
"A1",0.4787215834549716
"A2",6.2864737780170525
"A2",1.098712625848501
"A2",0.8022463422877268
"A2",-7.313770552561471
"A2",-24.120515701615936
"A2",1.129834789152439
"A1",0.09789389947808957
"A1",0.30208492956233335
"A1",0.6746957343902882
"A2",1.79243172501925
"A2",1.521750633486462
"A1",0.47955482300075025
"A2",1.7433376533200706
"A1",0.38793308274928484
"A2",1.4010687935098982
"A1",0.36278347414718426
"A1",0.8350526455119138
"A2",3.177582968554001
"A2",-2.7009694180344597
"A1",0.9911815085480766
"A2",1.590292147500568
"A2",1.0866647547190103
"A2",1.630756091339411
"A2",1.5034103503200116
"A2",1.7098973571762528
"A2",11.197990338989053
"A1",0.0751932635267134
"A2",50.28356729057166
"A2",0.9481858593486969
"A2",0.9389934013834289
"A1",0.25095571287756435
"A1",-0.21980894059542933
"A1",0.6540189467443527
"A1",0.3494213598230229
"A2",1.7134358459785854
"A2",1.713068862047968
"A1",0.8757786279752513
"A2",1.713392712846919
"A1",0.6408359951865981
"A2",1.1256467232436034
"A2",1.6538321823438031
"A2",1.2516678253434008
"A1",0.8454116086641092
"A1",0.9457433217208691
"A2",0.965343027258383
"A1",0.14937296998324978
"A2",1.024937410676118
"A2",0.8293482307591431
"A1",0.272558083141075
"A2",-11.610299534540966
"A2",1.7274199627445819
"A1",0.6829394200483785
"A1",0.9263671217826275
"A2",1.0347403327661215
"A1",0.9075469257032391
"A1",-20.703470385815944
"A2",-31.036925785796708
"A2",1.5207092754158755
"A1",27.946093823982036
"A1",0.9114791361272636
"A1",0.8585530030004942
"A2",1.1492862023639154
"A1",0.8372034308720169
"A2",1.1790787455041094
"A2",1.2125378612518833
"A1",0.7194522902835159
"A2",14.154490512262097
"A1",0.7159845388186257
"A2",-2.2457522270917365
"A2",1.3464030990641243
"A2",1.4060238288600206
"A2",-16.652422714275804
"A2",1.63817094902178
"A2",1.0494485789773973
"A2",0.9877899568769302
"A2",40.457544438579944
"A1",-16.669413000358187
"A1",0.564767473339806
"A2",1.730285897927709
"A2",1.095675553060709
"A1",0.5902019300424843
"A1",0.6848650118928723
"A1",0.9322072604895191
"A1",0.7613391620876571
"A1",10.553172283384004
"A1",8.95244302555629
"A2",0.9400075706256426
"A2",1.3468728996286565
"A1",0.917583173697085
"A2",0.8518665183995746
"A1",0.9332724171504265
"A1",0.905928760618919
"A1",0.5250879602210712
"A1",0.04836523118795344
"A1",-35.687553499734214
"A1",0.6672000388846309
"A1",2.0695832548771658
"A2",1.6703451516959307
"A2",1.699244984729647
"A1",0.9661323383515823
"A2",-9.34465726024869
"A2",1.6054804102614764
"A2",1.6585030885138183
"A1",0.44468754690139534
"A1",0.8556159950273392
"A1",5.473941593282882
"A1",-13.873027489179368
"A1",0.8935479909634458
"A1",-13.630741463370914
"A1",0.02362861224442847
"A1",0.919911770251217
"A2",1.3169807280488748
"A1",2.8530246778680857
"A2",1.2837089674163715
"A1",27.282411224816737
"A2",1.4463951431401252
"A2",1.0661587019587349
"A2",1.2410176342425694
"A2",1.685722173714875
"A2",1.6307419161189476
"A2",1.244508409030518
"A2",23.227767067162915
"A1",-31.147254336948308
"A2",1.6764422602379467
"A2",1.5821577041489134
"A2",0.8049995688108056
"A1",0.6446224922872044
"A1",0.41761259081080104
"A2",1.5853534428495109
"A1",0.9521167568541298
"A1",0.8023349819440604
"A1",0.07933701845056129
"A2",1.19794923516699
"A1",0.9912548550786731
"A1",0.18939910486820355
"A2",1.6281187604880882
"A2",1.4113475043747499
"A2",0.8941729181966664
"A2",0.8387611206115404
"A1",0.3552065491146432
"A2",1.7103153428474258
"A1",0.4836420061221054
"A1",0.9865597797132903
"A2",-5.498796121027685
"A1",0.8802166543100143
"A1",0.8722493348611535
"A1",0.4757025716780172
"A2",1.1733050631188435
"A2",1.767900765755655
"A1",0.30889880406321346
"A2",-3.2774943064216258
"A1",0.1030956460021819
"A2",1.4550666227263538
"A1",0.9574080133215044
"A2",-8.76442714433702
"A1",-39.77168500851402
"A1",-5.890833930746774
"A1",0.36835563023303997
"A2",0.8973362207617355
"A2",-4.243279889614402
"A1",0.4193254901595067
"A1",0.7726295883872476
"A1",15.762933292857749
"A1",0.4316056872595253
"A2",1.2424767194365753
"A2",1.5289536014097165
"A2",1.7708359106719844
"A1",14.25588211018685
"A2",1.3208986060633268
"A2",1.3075563056905257
"A1",0.046039992068813484
"A2",0.9706388213097568
"A1",0.9852942767801685
"A2",1.5138579803791548
"A1",-2.4951180055591027
"A1",-13.47918952584804
"A2",1.0020682191513262
"A2",1.567290495364457
"A1",0.20002730634377985
"A2",1.2835298049324357
"A2",0.9662366276118701
"A2",0.940372091903745
"A1",-9.116410913594747
"A1",-24.499044346423265
"A2",1.5020405148568283
"A2",1.5064436585675591
"A1",0.13836137172097418
"A1",0.010440546641020232
"A2",1.053996630309365
"A2",1.6286944355759225
"A2",1.6251547080716418
"A2",1.4542193852347973
"A1",0.7561479630753705
"A1",0.04813244364121605
"A1",1.1520686191248337
"A2",0.9896335588971379
"A2",0.8862316554652916
"A1",0.7052935041687853
"A2",-5.363517859534005
"A2",11.164494949089931
"A2",1.1749140597079837
"A2",1.2523379574113915
"A1",21.722117095063183
"A2",3.5182274342971462
"A1",0.6780279041542285
"A2",37.0887110845746
"A2",0.9774245426046901
"A2",0.8649017091805007
"A1",0.7671004529239227
"A2",-37.758208531133654
"A2",-23.398167118579885
"A2",1.7486677060972713
"A2",1.512547427438837
"A1",0.8772562153755028
"A2",1.6846195437964862
"A2",1.5459093428573047
"A2",1.6790970711572668
"A1",-18.806564270603555
"A1",0.13484738207642066
"A2",-15.797128086196434
"A1",0.0050610042967575986
"A2",1.1764913935353667
"A2",9.130382776420547
"A2",1.0647560895304433
"A1",0.9689272501296928
"A2",1.6917551019949446
"A2",1.048348933297334
"A2",1.1183177539850733
"A1",0.7609155007049131
"A1",0.22228210749494393
"A1",0.0011191977106812523
"A2",0.947562198337027
"A2",1.455613762059757
"A1",0.695965390779475
"A1",17.175667204378986
"A1",0.518582222397656
"A2",1.5396207865793325
"A1",0.2716550008874885
"A2",0.8347938562086195
"A1",0.35793551871386
"A2",1.0748676827419483
"A1",0.3744832574742445
"A1",0.5265051022801661
"A1",0.05459560862094648
"A2",0.7122495039800916
"A1",0.9246329872662356
"A1",0.837149519632163
"A2",-20.891258960202183
"A2",0.8026696133654416
"A2",-20.006610127363995
"A1",0.06054044163476102
"A1",0.5774227308157156
"A2",1.7750467644425085
"A1",0.37364585038296605
"A2",1.6776170325126227
"A1",0.695467337826672
"A1",-21.7139635343273
"A2",1.392216864576067
"A1",0.8123950835357183
"A1",7.005388497814338
"A2",1.5336635400242875
"A1",0.20775325308654846
"A1",0.5403518061471781
"A1",0.39027917674729395
"A1",0.6926267708122604
"A2",1.795676121464326
"A2",1.2603773254193942
"A2",1.7056180131545127
"A1",0.5005422783278928
"A1",0.4512844754914953
"A2",39.591366360828076
"A1",0.9298964734755222
"A2",1.1520533420445331
"A1",-14.530396421732624
"A1",0.29590531242360774
"A2",-38.21256449367552
"A2",1.7243050558215118
"A1",0.7684548080687954
"A1",0.4219385976650447
"A2",1.63798496516929
"A1",-12.977684325706702
"A1",0.5065152115024929
"A1",0.13489633117415334
"A1",0.6965330276405917
"A2",6.258170683115455
"A2",1.335730234177948
"A2",1.3976240199714767
"A2",1.7361918940350902
"A2",0.9295003434694591
"A1",0.873085791886153
"A2",1.3062864550000801
"A2",1.5966458754116089
"A2",1.1266284361266399
"A2",-17.462357085870988
"A1",0.23961892662814255
"A2",1.1039269066836646
"A2",0.8130364123684852
"A2",1.5744952557939025
"A2",1.758091161201951
"A2",11.733926245533453
"A2",0.9775743308461791
"A2",-30.33339886410139
"A2",1.0554499126936896
"A2",1.7902970600326513
"A1",4.365349076723817
"A1",-3.0106790267017463
"A2",1.6295850251300557
"A2",1.4331159732503946
"A2",1.705024401851217
"A2",1.561867667578376
"A1",0.656154283272282
"A2",1.2561298579717948
"A2",1.6516041581897534
"A1",-21.10197230290662
"A2",1.306483648975022
"A2",1.6731579021504284
"A1",0.8731488096584927
"A1",0.5005382783231356
"A2",1.467773362551744
"A1",0.10402794306818719
"A1",0.1462525406990116
"A1",0.4044469519680449
"A2",1.231883463304399
"A2",0.9103301299005497
"A2",20.109315049046106
"A1",0.40591875968813707
"A1",0.5607745646532132
"A1",5.945197696607142
"A1",0.7032768016870881
"A1",1.9018958000317283
"A1",0.3298474721551552
"A2",1.7416673599104284
"A1",0.717160466385131
"A1",0.3701873721576663
"A1",0.5579828259078605
"A1",0.20085174629036895
"A2",0.9837548239576621
"A2",1.345334109973323
"A2",1.0971169825541534
"A1",0.9849737201731996
"A1",0.09514534122681617
"A2",1.5057255927519844
"A2",1.6282214367227708
"A1",0.3285116045254042
"A2",-27.957033629317397
"A2",1.2710793276383672
"A2",1.336688545696632
"A2",-25.43509781742111
"A1",0.2746015835572493
"A2",1.7254662201334299
"A1",0.24377799861170657
"A1",8.641983191062977
"A1",0.12998464049587288
"A2",1.7831310583309172
"A2",1.0584444582692465
"A2",1.5734674537820634
"A2",24.086013875294366
"A1",0.4827159934166967
"A2",0.8566407215603953
"A2",8.643632669240496
"A2",1.1541287082852663
"A2",1.7616792400156862
"A2",2.798483494390863
"A2",1.509992224987728
"A2",1.0470645166988632
"A2",1.5355084150974947
"A1",-19.806615762379295
"A2",2.733331472553477
"A1",0.6935140470520011
"A1",-14.499471073226402
"A1",0.05962156087048909
"A2",1.3100961295533684
"A2",0.8548044861174686
"A2",0.9132163577282599
"A2",1.3394752786468722
"A1",0.48021650057955934
"A2",0.9160334506253665
"A1",0.9580773882855635
"A2",26.468887434440024
"A1",0.29935810027904686
"A1",0.39223483937605974
"A2",-33.952810777176644
"A2",1.383050964579899
"A1",-2.5875992283381475
"A1",0.3498170407467509
"A1",0.7911617516393568
"A2",0.9291735565020562
"A1",0.5057316033864525
"A1",0.9205906180930892
"A2",1.5736853356708216
"A2",1.7036422921536598
"A2",4.95281340632347
"A2",0.8237789739605517
"A2",1.628032766199812
"A1",0.7332231280281156
"A2",0.8925548424926426
"A2",1.4186523553259254
"A2",1.6319223933580085
"A2",0.823289315479381
"A2",1.1807989179648488
"A1",0.8103961331107417
"A2",1.7546927023143435
"A1",0.7652497653464563
"A2",1.3842491949523323
"A1",0.6510267352878947
"A2",10.079987207866017
"A2",1.0080838660636189
"A2",0.957526564722647
"A1",0.8559475313009495
"A1",17.327739579769357
"A2",1.6652047361005873
"A1",0.13055906756074176
"A2",1.571014356424082
"A2",1.1847409129686117
"A1",0.024358537391572455
"A2",1.1513250183505814
"A1",0.6199752485876182
"A2",1.7436800190020572
"A1",28.76499069708967
"A2",1.6983311218980501
"A2",1.7448964412257553
"A1",0.5216530315839198
"A2",1.241849272697288
"A1",0.4556441069851944
"A2",0.8077233991366801
"A1",-0.9129330586343021
"A1",0.28212366885823514
"A2",1.5503325818055043
"A2",4.506423972849285
"A2",1.194133617513987
"A1",0.8228377386059877
"A2",26.966740886767248
"A1",0.2790247393604419
"A1",0.2267653490021324
"A2",1.1398802565083352
"A1",-43.848963114752614
"A1",0.08025855435669094
"A2",1.5654028014627928
"A2",1.467768476473216
"A1",0.6188704706588906
"A1",4.0413390281652815
"A2",-17.23899848988735
"A2",1.2657413309604113
"A1",0.4036590600295582
"A1",0.22868788849284138
"A1",0.3365949322194468
"A2",1.0029034092031335
"A1",0.4774355463252067
"A1",0.20905800157347443
"A1",0.7905649945965691
"A2",36.41121692902868
"A1",0.36911070176738003
"A1",0.13537380001842525
"A2",1.0068524422035587
"A1",-3.1840356895138253
"A2",1.6348681982405788
"A2",1.4728729659811175
"A1",0.9745052431515631
"A1",0.9184192241512121
"A1",0.9458246020673946
"A2",-1.0113375656134733
"A2",1.4156311077274821
"A1",0.8101866514034726
"A1",27.976962609564175
"A1",34.04582968954654
"A2",1.1926876968685431
"A1",0.8460591200765368
"A2",18.289430004870873
"A1",0.5331360101583955
"A2",38.02649906351613
"A2",1.6212457044277548
"A2",17.302099139558553
"A2",0.8867962500790159
"A2",-59.48297264720469
"A1",0.47661059917742987
"A1",0.3834275631021187
"A2",1.2647214083822382
"A1",0.9601325941327941
"A2",6.352084094028873
"A2",1.2049614006322902
"A2",0.9535898148650199
"A2",1.2248631139411976
"A1",0.23561483861523547
"A1",0.6703312142315274
"A1",0.42409644905248123
"A1",0.2416140865995242
"A1",0.6455142155447218
"A1",0.1079745822677789
"A2",27.322717553786486
"A1",0.6005706231673094
"A1",0.07147323550450713
"A1",0.3315500728303695
"A2",1.7806849033829544
"A2",0.8303008794054942
"A2",1.759179695230457
"A1",0.8807310119764957
"A2",1.6508253028380397
"A1",-6.3751235077529635
"A2",1.0603224719234727
"A2",1.7150719659930889
"A2",17.779120292307447
"A1",0.6620956448184292
"A2",1.3884107059098738
"A1",0.37480689924891664
"A1",0.9215971413282922
"A2",0.9115504517612201
"A2",0.9611354639099849
"A1",15.450571828804218
"A2",15.161191001246305
"A1",0.6374261871356355
"A2",-25.464373231609542
"A2",-44.343422345382116
"A1",0.14721921111273217
"A1",0.7272319970723544
"A1",0.2619490918455549
"A2",-18.194019290305846
"A1",0.44975059249742855
"A2",0.8837088325504516
"A1",26.760293496499894
"A2",1.4130517716140365
"A2",1.9318473257915945
"A1",26.251064599613873
"A2",1.50961370969564
"A2",1.513428678614083
"A1",0.3936799549765517
"A1",0.7303827398999572
"A1",0.19607426825018726
"A1",-15.855226213941759
"A1",-10.759839915477503
"A2",1.6186155086844338
"A2",0.9648438794657876
"A2",1.5154754721172972
"A1",-34.52549407509565
"A2",1.1687751649838765
"A1",0.6096682053130082
"A1",0.17596922320715747
"A1",0.8325305397460929
"A1",0.7153975909099206
"A2",6.464814080839398
"A2",1.7019229181405415
"A2",1.2106681201270963
"A2",0.9891217782796007
"A2",-4.6363960462154274
"A1",0.11345138202053429
"A2",1.5542682580244367
"A2",1.5469274954925498
"A1",0.7889939798207517
"A2",1.3920836075555716
"A2",1.6338639160793096
"A1",-12.238228752449967
"A1",0.5255319006739385
"A2",-0.10882498527291895
"A1",0.6966287184495683
"A1",0.8349098483684159
"A2",-2.8637886233709198
"A1",-6.34402817758591
"A1",0.9299596830386629
"A1",0.11293560994204999
"A2",1.339985759473331
"A1",0.8369448076797074
"A2",0.8188700411629872
"A2",0.974580593425562
"A2",1.1183751413185776
"A2",-15.326920573869735
"A1",0.5426306086492669
"A2",1.5569863402752013
"A1",0.9889304937784986
"A2",1.246863873112007
"A2",1.7687337342345955
"A2",0.9987269813031958
"A2",-26.26828408525236
"A2",0.8695715787212659
"A2",0.9535482852346846
"A2",0.8079222920187299
"A2",1.3248387353632665
"A1",0.4529442722023338
"A1",0.3166197385133085
"A2",-3.813886693567854
"A1",0.3789245897182829
"A2",-5.566171379264452
"A2",1.3271161744970221
"A2",-13.580344846137256
"A2",1.7657066832990655
"A2",1.5256489739283554
"A1",0.608715035910705
"A1",19.633288745492624
"A1",0.601891500067802
"A2",1.696831783921534
"A2",16.914936729948394
"A1",0.8180767990737634
"A2",0.969452179672039
"A1",-11.569275677402349
"A1",0.8567924083582674
"A1",37.49360146248648
"A2",1.2064289478898518
"A2",1.2350130051493773
"A1",0.28895358441905983
"A2",1.4502592021358862
"A1",15.844639595987518
"A1",-11.34431623230076
"A2",1.456295959065988
"A2",1.0893719866511775
"A1",0.657629127468567
"A2",0.9024918476782546
"A1",0.48919599371140476
"A2",46.87426846425809
"A1",34.55781785793796
"A2",1.6566175360957687
"A1",0.5842160351864396
"A2",1.2335567273470258
"A2",1.059643601240317
"A1",0.9236591962253633
"A1",0.13948183481882825
"A2",30.243264866772805
"A1",0.08320151990121305
"A1",0.9779230024924606
"A2",29.667370404299792
"A1",0.9220887428609705
"A1",44.02601385488259
"A2",1.1170054153358082
"A2",-17.37174375285355
"A1",0.5672316495415934
"A1",0.12603365869886307
"A2",5.0444587328448804
"A2",1.7229634345521176
"A1",0.34698673180097805
"A2",1.5719125221203711
"A2",1.1794249778795325
"A1",0.18761188391591777
"A2",1.7506546710368456
"A1",0.7180089055748062
"A2",0.8613293570311658
"A1",3.4906566229326383
"A1",0.9097873552103131
"A1",25.68005879150973
"A1",-25.299896468764505
"A2",1.2985165871432391
"A1",-4.867956307663318
"A1",0.04075537899465065
"A2",1.314773637088714
"A1",0.05819068108767578
"A1",0.14376339125894666
"A2",0.8611032893008994
"A2",1.46169160851692
"A1",0.17001244322900622
"A2",20.841423323991418
"A1",0.16165101614558153
"A2",1.0414925605690464
"A2",1.7044903105192009
"A1",0.9108458336368928
"A1",0.6657802810236921
"A1",-18.844952965029762
"A2",1.4540138499907127
"A1",0.5708371753635193
"A2",1.3975242619498789
"A2",1.0291221512130664
"A2",0.8144980984766552
"A2",1.253695096057771
"A1",0.28263009514530446
"A2",0.9353364553676193
"A1",0.9563439771237126
"A2",2.140534056027408
"A1",0.30199959540456867
"A2",1.0731450055820657
"A1",0.5990222483385101
"A1",0.6877856001292346
"A1",0.9677440263668664
"A2",16.848699855160095
"A2",1.0637246394115767
"A2",1.4374389649308248
"A2",1.304824468250235
"A1",0.30241353743203425
"A2",1.4202008327220388
"A2",1.6887002896918664
"A1",-19.44883904498138
"A2",0.9254742266727805
"A2",0.8650356090153972
"A1",0.7435182249076129
"A2",1.097768093322084
"A1",0.7142720766801585
"A1",0.9499163303997493
"A1",0.11064470659387693
"A1",0.4974479764822084
"A2",1.323831417483085
"A1",26.203252084845044
"A2",1.014099784951781
"A2",0.9874946480359166
"A2",1.6326022964909752
"A2",0.9861352628082074
"A1",0.17640914289439014
"A1",-16.82088140998696
"A2",1.2396896108070403
"A2",0.920524356707654
"A2",0.9465978101126851
"A2",1.181872336649235
"A1",-14.839583873618096
"A1",39.072395342985345
"A2",0.9270530991806836
"A1",0.6325086155339454
"A1",0.6497004658696373
"A1",2.7043791571175904
"A2",1.232591588198124
"A1",-30.382736127569416
"A1",0.27289596206726796
"A2",1.4047114297742376
"A2",1.782721640752961
"A2",0.9649701160926687
"A1",0.5635707678154762
"A2",20.557365627302737
"A1",16.53811651104611
"A2",0.8616197055688657
"A1",0.12913966080412176
"A2",1.6638094080721393
"A1",0.11503518113382127
"A2",0.8834429701088606
"A1",0.6489040695368713
"A2",1.0081493590773225
"A1",0.05024040266065577
"A1",0.7867023005684357
"A2",1.1383505628899424
"A2",1.2892899242916893
"A1",-13.919047572752687
"A1",0.6490931050330462
"A1",0.8094153474436134
"A2",-11.751528951334159
"A1",0.32318468538361933
"A1",0.6576585179642036
"A2",1.0676375035290107
"A2",0.9871943586955931
"A2",1.183263455711499
"A1",0.43053634700330656
"A1",0.47699096185582546
"A2",1.465941838080747
"A1",0.30652796895643797
"A2",-4.615204028384854
"A2",0.8179796927924297
"A2",1.132199222880214
"A1",0.5067876232813817
"A1",0.043665317211184274
"A2",1.5148509440155253
"A2",1.734474573181813
"A2",1.7357480388305133
"A2",1.533933033009071
"A1",0.4471463972926326
"A2",1.1770575026217451
"A2",-22.294257940853868
"A2",0.9070535623460363
"A2",-8.889298532364753
"A2",1.7395855385449568
"A1",0.053610467871886947
"A2",1.343163200808542
"A2",1.7675233853342283
"A1",0.39117225879909
"A1",-0.2831759523710715
"A1",-31.877772518193964
"A1",20.823463267212336
"A1",0.016204974219560242
"A2",0.8119137814499016
"A2",1.2505548682037404
"A2",34.598128261873256
"A1",0.874859772722355
"A2",1.6728691933345132
"A1",-3.8630349250360974
"A2",0.8118023345953096
"A2",1.5158899507212564
"A1",0.1994258319567439
"A2",13.130830406239012
"A1",0.07098702050733863
"A1",0.851521203510557
"A1",0.26430316584440305
"A1",-3.2525441595402835
"A1",0.8984338503259237
"A2",-17.00303608843342
"A1",-6.55143111453716
"A1",0.6970147185482294
"A2",0.8621476773979586
"A2",1.5604357619066311
"A1",0.02059049549258596
"A1",8.992701890344216
"A1",-21.581415140760825
"A2",1.7297438224197577
"A1",1.6870241532596797
"A2",1.6732599926343474
"A2",1.028050404941787
"A2",1.0470089918566163
"A1",0.4471562477925428
"A1",18.993712097005723
"A1",4.241554192931412
"A1",0.5512813459242227
"A1",0.9366531032550691
"A2",1.7132980350783176
"A1",0.6655247286413966
"A1",0.6850715546213917
"A1",0.3363709390095244
"A1",0.7177002072182717
"A1",0.19725397821311885
"A1",0.9867973617914572
"A2",1.1326004573103232
"A2",1.5076641921887715
"A1",0.2015745828844835
"A2",1.5305000591128342
"A1",0.3569864510226599
"A2",1.1606348083723375
"A2",1.5728766723239158
"A2",14.473112884673688
"A1",0.5330710987065836
"A2",1.622291211144722
"A2",1.0268218382896848
"A1",14.634476999424015
"A2",-13.008333488682247
"A1",0.292773519352014
"A2",0.8238367974655691
"A2",0.9274235251236307
"A1",0.2726136162439925
"A1",0.16542000194134654
"A1",17.119487074898885
"A1",0.8765648677643785
"A1",-8.850382783777444
"A2",0.8225028812122774
"A1",0.013267504216959658
"A2",1.6574076277407415
"A1",-27.21678301835611
"A2",16.438144858072743
"A2",-12.367085703067378
"A2",1.1428406994378346
"A1",0.3668610735416431
"A2",1.6331851259163583
"A1",0.21602153416151015
"A2",6.871894565154701
"A1",0.2025840646760524
"A2",1.0177692748577682
"A2",1.446344643967259
"A1",0.35031458507246094
"A2",1.4831156501319078
"A2",1.110121875017946
"A1",0.4420961500675695
"A1",0.7281290441929082
"A2",1.6445792157418413
"A1",0.48360243324523
"A2",1.5128287164069525
"A1",0.008354077640164492
"A2",1.7833701924413092
"A2",1.394915950326886
"A1",0.9239822810784231
"A1",0.6424360025500653
"A2",-8.8619376622284
"A1",0.30093205998514416
"A2",0.889503263454837
"A1",0.027974351427664468
"A2",1.3782941186178093
"A1",-48.198901722920134
"A2",0.8532883622452871
"A2",19.457043973540863
"A2",1.5753242178756024
"A1",0.7485222749782332
"A1",0.049072217043149235
"A2",1.4277873681016366
"A2",1.7167834862498925
"A2",1.3707162208790065
"A1",0.38926815914415314
"A1",0.7093335491306512
"A2",1.7989725069645974
"A2",17.75460255861035
"A1",0.22771326757594124
"A2",1.401786789023852
"A2",0.8887077764902167
"A2",1.4370101445113126
"A1",0.26496405340860063
"A1",13.821895552586213
"A1",0.33434672202623084
"A1",0.27589328815193537
"A1",0.6040582444247744
"A1",0.7317089056846617
"A1",0.49932861954465513
"A2",1.508139713921433
"A1",0.2630616905240801
"A2",1.4328513857638518
"A1",0.5822142139060842
"A2",0.9377511728507824
"A2",0.9467933470709944
"A2",0.8487956844060325
"A1",0.9429007362469131
"A1",0.5195897517466526
"A1",0.7504156314671129
"A2",0.863514945205726
"A1",0.2277496379551811
"A1",29.384461597774575
"A1",0.3170835040962119
"A1",0.7832012327231108
"A1",0.463331148787538
"A1",0.6966771866653101
"A1",0.7950418626387976
"A2",1.3882006305329757
"A2",1.5765031718766775
"A2",1.4440932923410321
"A2",1.3594593787658287
"A1",0.3336938226443209
"A1",0.20496330552687425
"A2",0.8468313473195068
"A1",0.30982957916104503
"A2",-40.124007321572236
"A1",0.8026132820629379
"A1",0.6483681019065186
"A2",1.5809991281595286
"A1",9.54007734974686
"A2",1.5092839886258447
"A1",0.6511753655458741
"A2",-8.202247713526273
"A1",0.578873840885195
"A1",0.8311334868984457
"A1",0.9431745767030664
"A2",1.1666772678180275
"A1",0.42517271925126887
"A2",0.8242830922401678
"A1",0.08942325332291468
"A2",1.3598889815269595
"A2",1.6899198321013984
"A1",0.34883562096498344
"A2",1.4774196754620974
"A1",23.98312624128193
"A1",0.12288533166656457
"A2",1.469554870061809
"A2",16.26850381268021
"A2",1.2288587460626708
"A1",0.3508460222851475
"A1",0.27124366477085715
"A1",0.9872922697936397
"A2",1.1508582383784414
"A1",0.8260359101146557
"A1",0.29137620842901324
"A1",0.9714601191945393
"A1",0.9442185281419642
"A1",0.6635674091921568
"A2",-39.17499010487095
"A1",0.4663503108671794
"A2",1.4336309275975636
"A1",0.7380459046153744
"A1",0.39203243388364806
"A2",0.8759914292308768
"A2",0.823778557801115
"A2",1.7629608438984596
"A2",23.46970931283845
"A2",1.0716415068638263
"A1",0.025169839515399195
"A1",0.4039693504127173
"A1",0.23545622906019248
"A1",5.306515905057572
"A1",0.10777819181324433
"A2",1.6519272830771294
"A1",0.9683020651559529
"A1",0.4722155322100263
"A1",0.1462331672551651
"A1",0.6953683243147877
"A2",1.1199382972724892
"A2",1.5000149946270933
"A2",1.4848608587532888
"A1",0.1670587883244179
"A1",-13.530499853769182
"A1",0.5479162250113465
"A2",-13.535061878389596
"A2",1.4575353372658233
"A1",0.10938241160497797
"A1",0.40163314533799177
"A2",1.33746853557662
"A2",1.717593751602639
"A1",0.9103597539105173
"A1",-5.539945387162141
"A1",0.7826982176231667
"A1",0.32214863055334697
"A2",1.5040687499679861
"A1",0.6918841107362765
"A1",-2.851424508918613
"A2",1.7528349868152218
"A1",0.28225695816129726
"A1",8.731819482681564
"A2",1.3539420530470236
"A2",1.263521402474249
"A2",-22.724987741069327
"A1",0.5327573837184156
"A1",0.5411610738096979
"A1",0.510328010701548
"A1",0.5956562686297828
"A1",-19.289309303146627
"A2",1.6318783549455878
"A1",0.17701577406726288
"A2",2.4380620286487855
"A2",-2.9869427231989234
"A1",0.09015694168466992
"A1",0.740465377975341
"A2",-2.0936041634887967
"A1",0.09061964061936822
"A1",11.89203783532286
"A2",0.8539670502035039
"A2",1.211270172919097
"A1",-9.163255455467214
"A1",10.590522129987797
"A2",1.4888891672997646
"A1",0.5379995625425695
"A2",1.4910763517150867
"A1",0.04017347301539975
"A1",34.00403184898742
"A1",0.9426043539510289
"A2",1.1295656471379916
"A1",0.6158048121368231
"A2",1.4333001314477143
"A1",0.08522548046033518
"A1",0.8855279201083779
"A1",0.27917390095702754
"A2",-6.652355989650743
"A1",0.0005162522849087026
"A2",1.308914457271142
"A2",1.403080106941316
"A2",1.3484412718177428
"A2",21.997067323674667
"A2",0.9922045641534245
"A2",1.627842044381757
"A2",1.636286838870202
"A1",0.5347243213682542
"A2",1.4076682698137355
"A1",0.5029473421307589
"A1",0.13608878452454176
"A2",1.6537194163673041
"A1",12.785665508656889
"A2",1.5896846087010557
"A2",1.6870115687616327
"A1",0.03798002079424312
"A1",0.9477463874181395
"A2",1.4970103550699834
"A2",45.38690918726221
"A1",0.13236329360311183
"A2",1.2185979217172958
"A2",20.338467730246656
"A2",0.9380951724883786
"A1",0.7234887340681497
"A2",1.5463157809762305
"A2",1.1676978901354362
"A1",0.4432170591902309
"A2",-7.947139952340413
"A1",-4.089043241378709
"A2",1.5240200396608286
"A1",22.609237214907672
"A2",0.9207384392246765
"A2",12.854842034540443
"A1",0.6346011570217276
"A2",1.537335928383019
"A1",0.30811923916170825
"A1",0.5477350915392358
"A2",-17.334786463449756
"A1",0.6475209838249814
"A2",1.3740087134606815
"A1",0.21276590688294017
"A2",1.043699625166534
"A1",0.35060672364404666
"A2",21.45399375762202
"A1",0.3203055560505157
"A2",0.8762110640930372
"A1",0.31331924366078456
"A2",1.6988907845485148
"A1",0.6361116545035899
"A2",1.4800270053748703
"A2",1.6038004422833467
"A1",37.00560743713252
"A1",0.7843839145710758
"A1",0.14470150726204922
"A2",1.503016725546214
"A2",9.069325525905693
"A1",-7.420892102589891
"A1",0.5996133498932144
"A2",1.291406508094076
"A1",0.5049510051059141
"A2",1.1752648495698874
"A1",0.3769167625699157
"A1",0.024258567328165892
"A2",1.2738588668310273
"A1",-13.153450290314035
"A1",0.22606797976371418
"A1",16.969949826193478
"A2",0.8681145764764424
"A1",0.5737216278876751
"A2",1.753422634406166
"A2",-4.567543489383962
"A2",1.5967814669655693
"A1",0.6974187177045212
"A1",0.733515524183862
"A2",1.4861096819457598
"A1",0.12878646488576306
"A2",1.7301060961429768
"A1",0.8853243501076162
"A1",0.8015682580964918
"A1",0.21927122029360135
"A1",0.11162102640035654
"A1",0.5841776390848896
"A2",1.6253992920482687
"A1",-5.497333471271741
"A2",1.592684560379591
"A1",0.5765550241831805
"A1",0.5963545009806182
"A2",13.787876468310637
"A2",0.8154063136698879
"A2",27.685703070341987
"A2",23.1391190844574
"A1",0.9002243061749693
"A2",1.8421895108211506
"A1",0.2720988451525699
"A1",0.05503421983133072
"A1",0.15354870863735326
"A1",-10.573556682812466
"A2",1.7787747284922242
"A1",-25.107642616842213
"A2",1.5848384562209603
"A2",1.496743050842831
"A2",1.353807916064959
"A2",1.1172045023785364
"A1",0.05932338989933461
"A2",1.5295044559079867
"A2",1.1120333452380469
"A1",0.4072230550777922
"A2",0.9697142064113113
"A1",0.5877758765301466
"A2",0.8867751900986245
"A1",0.30828320313288216
"A2",1.2334454257211176
"A1",0.8565529072835214
"A2",1.4353858141801241
"A1",0.6959753351761653
"A2",1.635846781983418
"A2",1.3996214750147158
"A2",1.4176072274553293
"A1",0.22953155028199101
"A1",0.38714244101316186
"A2",27.726657415701503
"A1",0.7427526450243895
"A2",1.1408747924942129
"A1",0.6098140351554493
"A2",0.9617957470765115
"A1",0.1448611731854923
"A1",0.6827991992041278
"A2",1.0884077370933134
"A1",0.6024959118535329
"A1",-40.37267334973719
"A1",0.5583366370115879
"A2",-3.1503196805974767
"A1",0.4477840854381905
"A2",-10.022543989827478
"A2",1.070430589352423
"A2",1.4950794284587712
"A2",1.3899081949402319
"A2",1.6683645503376958
"A2",-10.171602403610839
"A2",0.8157900403440503
"A1",0.48735522117286223
"A2",0.9737094859460669
"A1",0.9377999518221494
"A1",-4.78211886473665
"A2",1.7060742991733835
"A1",18.78664527338165
"A2",0.9966234324786309
"A1",3.7306203053832374
"A1",0.102306570464753
"A2",0.8691705692431455
"A1",0.7273420576393084
"A2",51.358578485056995
"A1",0.7998814914249324
"A2",1.265489512240588
"A2",1.669225101047898
"A1",-5.412967403426509
"A1",0.172723485429495
"A1",-5.730158792182073
"A1",0.8998791981881284
"A2",1.2120519746471456
"A1",0.49621996249319
"A2",32.106844165616415
"A2",1.016912262804806
"A2",1.014055854811672
"A1",0.15902200055981663
"A2",1.2619761007557082
"A2",0.9414095095458963
"A1",0.4449659449606307
"A1",0.27609116333306294
"A1",0.9260809242305148
"A1",0.909190060868418
"A1",0.25609070130450506
"A2",1.7895969863272219
"A1",-39.03079646577605
"A2",1.6468027376857077
"A2",1.006769314896461
"A1",0.42342556397531883
"A2",4.266923837849028
"A1",0.8151322096357188
"A1",0.7360064098907735
"A2",1.620892456296864
"A1",9.504071257661074
"A2",-9.422377999022965
"A2",1.1180333428296958
"A1",0.16738652275859245
"A1",0.8470269141531794
"A2",1.2664533369522404
"A1",-14.356823979970835
"A1",0.31093502772420867
"A1",0.3576063918378345
"A1",0.3357111623707658
"A2",1.556861043298206
"A1",-40.65599058271559
"A2",1.3495299140564867
"A2",-10.65028582688822
"A2",1.2350160043170266
"A1",-7.699177910215054
"A1",0.7216941600470892
"A2",1.0099374687414935
"A1",0.030410370092373906
"A1",0.6405594029289832
"A2",-7.6800613666945114
"A1",0.24628771111447478
"A2",1.5546063495045936
"A1",0.9471168678937458
"A2",1.3822425662878952
"A1",0.30416959067918836
"A1",0.5515714947609016
"A1",0.08121878063194177
"A1",-9.423257671670045
"A1",0.9531285007018793
"A2",1.4529198278573916
"A1",0.7066133564268984
"A2",1.488576850822312
"A1",0.376352762849983
"A2",-13.80806834560452
"A2",-7.93655753696086
"A1",-41.21510137172968
"A2",1.5872998089137667
"A1",0.7885054594649432
"A2",1.458321954369715
"A2",-7.5311472510263755
"A1",0.4640614926287032
"A1",15.123504324302415
"A1",0.24775160786656736
"A1",14.609120046030094
"A2",1.392149957951227
"A1",0.5786133718632598
"A2",1.2177527687638405
"A1",0.001901297237529631
"A2",1.0829235182838548
"A2",1.6531822641956258
"A2",1.6395219970180324
"A1",0.5673520320556973
"A2",0.8378206870304723
"A2",1.7592074294175246
"A1",0.42645413709304814
"A2",1.0017545660731961
"A1",0.28205918522689033
"A2",1.3196205248128343
"A2",1.3562710170353443
"A1",0.5414581813985464
"A2",14.200132127174843
"A1",0.03805485836813971
"A1",0.07170014358701082
"A1",0.8719284097779767
"A1",6.925740008009786
"A1",0.9204730063231665
"A2",1.724863907596435
"A2",1.670877632122755
"A2",1.2191690017837753
"A1",-25.133152399894932
"A2",0.8867563341689728
"A2",1.5774455681110162
"A2",13.955678141960076
"A1",0.30573343806493813
"A2",1.2640592861391613
"A1",0.7454387998976297
"A1",0.049807774457364395
"A1",0.7092062214497692
"A2",-7.395629538934495
"A2",0.8601888908004283
"A2",0.8769839637942294
"A2",1.6830216203186834
"A1",0.5702191956432012
"A1",0.23616490262257717
"A1",-21.81924132997557
"A1",0.5183312810223004
"A2",0.9998246077713484
"A2",1.112989301740716
"A2",0.8011888799006532
"A2",1.5557305088632367
"A2",1.517935388092397
"A1",0.7872669905408523
"A2",1.7087846204070576
"A2",0.834430250352453
"A2",30.21184070332641
"A1",0.16617641923379423
"A2",1.3729944451955682
"A2",0.9312337577809564
"A2",0.8041810176933482
"A1",-25.077962648254918
"A1",0.40019385962373955
"A1",0.7006227354669177
"A1",0.2653434169701412
"A2",1.756560234662573
"A1",0.4224563175732132
"A2",1.0210956587813593
"A1",0.41761931028548327
"A1",0.2511563438882456
"A1",-12.176443838850817
"A2",1.1979661402964186
"A2",0.9274301554820108
"A2",1.6913805427293014
"A2",1.0295654259023166
"A2",1.203678187492713
"A2",1.2819060417569885
"A2",7.986609338705565
"A1",0.6146959286504308
"A2",0.9544072663783829
"A1",0.5638199487419702
"A2",1.3271392979957763
"A2",-4.130287363089729
"A2",15.68626742420149
"A2",1.2969795139112028
"A1",0.7827847935053172
"A2",1.001925755717353
"A2",0.9961822112626628
"A2",0.8595527417958648
"A1",0.7935083279762123
"A2",0.6619496708387083
"A2",1.2329185329381889
"A2",1.4854385792553921
"A1",0.2167491450012815
"A1",0.28230934416353626
"A1",0.4856841232459801
"A1",-11.09457295978254
"A1",0.9908551338641354
"A1",0.6286355227718126
"A2",1.0661106163216536
"A2",1.796696578960534
"A2",10.790339114011946
"A2",1.1687473792904108
"A2",1.7473646583627525
"A2",1.7265870700238661
"A1",0.11998048848872389
"A1",0.6421087965848087
"A1",0.011239943378099193
"A1",0.17194590909197394
"A1",32.47787968166563
"A2",-30.87028879762004
"A2",-25.94749063534561
"A1",0.9433726769436197
"A1",0.4444484587521069
"A2",1.168811708872877
"A1",0.6236482894613071
"A2",0.9110041532291249
"A1",0.8021918246641031
"A2",1.4858765006952646
"A1",13.262553960426684
"A1",0.10329593218372835
"A2",1.46375353158759
"A2",0.9767230035679983
"A1",0.9203878900130253
"A1",0.4114327116332577
"A2",1.418835410266875
"A2",1.0129775835944075
"A1",0.8554534429466052
"A2",1.478873574403634
"A2",0.8993873460691457
"A1",-13.163475559703137
"A1",0.111001069343442
"A2",1.2850025607917612
"A2",-3.2988903900830757
"A2",1.3775144136300592
"A1",0.6453808143059683
"A1",0.3254639024143946
"A2",1.503263306634549
"A2",1.0794846929000805
"A2",1.3356194131614632
"A2",9.03780424910295
"A1",0.3244365725864733
"A2",1.188324765335114
"A2",19.73197912374008
"A2",1.8601968725158702
"A2",1.5068657898869418
"A1",0.3248586129585056
"A1",0.7571650637224161
"A2",1.4291908777618494
"A2",1.0886447363698144
"A1",0.6489174947763421
"A2",1.340569552020916
"A1",0.6521395556112575
"A1",-39.88838260783645
"A1",0.47202459101925753
"A1",0.9196236509163511
"A2",1.3293696045923626
"A1",9.102705731818666
"A1",-4.567067737844656
"A2",1.4522373831199118
"A1",0.6585839903178574
"A1",0.34803624741709527
"A2",1.7539578250783467
"A2",1.769443591533368
"A2",1.1959467982736955
"A2",1.3674892552233366
"A1",0.7440046964030402
"A2",1.4320858215627423
"A2",1.340106773084361
"A1",-18.527420868091475
"A2",51.06934174772189
"A2",1.4814323647598258
"A2",1.1255062822402435
"A2",1.63921636848403
"A2",0.9056509098268262
"A2",1.58042669391489
"A2",0.9511780495247624
"A1",0.9391153410766602
"A1",0.25084906733608703
"A1",0.3138360343419444
"A1",0.8926694078863529
"A2",31.50726218196992
"A2",0.9072037209495143
"A2",1.7858073396754226
"A1",0.57661323741295
"A2",1.337214751958604
"A1",0.14663656672301828
"A1",0.8534451798052876
"A1",0.22511199036726404
"A2",1.427959752090369
"A1",0.9582172744850801
"A1",-18.092019450384335
"A2",1.5308386670653813
"A1",0.5533051097440702
"A1",0.20640021459743974
"A2",1.0301627827604867
"A2",1.6524186809845471
"A2",0.8256274927684042
"A1",0.4684157350444482
"A1",0.402991477585654
"A2",1.626987946903659
"A1",-4.343173833661167
"A1",27.710577471767568
"A1",0.9145959243313557
"A2",1.0558488264916235
"A1",0.5113231037312538
"A2",1.7677064855222644
"A2",1.091665915994395
"A2",1.7912071654693813
"A2",0.8166946396645014
"A2",1.2822057431470684
"A1",0.7477194813729098
"A1",0.351115472531935
"A1",0.6732811756870889
"A1",0.6803618188421532
"A2",1.2642578243582117
"A1",0.5296200854824982
"A1",0.9910553904850665
"A2",0.8393627407176727
"A1",0.7051205585528288
"A2",0.8140448970946061
"A2",1.4670682677750084
"A1",0.579760425299567
"A1",0.08881986715289125
"A2",1.5884115733028545
"A1",-0.9038413995172205
"A2",1.729699730248326
"A2",1.3323994822731418
"A2",0.8479615936898413
"A1",0.9418522319580962
"A1",-32.503186096345694
"A2",1.3217516176936974
"A2",1.5522564689308231
"A2",1.239728622162819
"A2",1.1901925695183782
"A2",0.9602515362572945
"A2",1.7355841921543667
"A2",0.9759301460347443
"A2",1.4196942450288608
"A2",1.3837249543503887
"A1",8.053307528906945
"A1",0.16426758841462386
"A1",0.5250823554084154
"A2",1.2295565276795428
"A2",1.5036410522824706
"A2",10.446257084772355
"A2",1.0966593097386232
"A2",-35.5848681545094
"A2",1.1943747379983503
"A2",1.1468982145799251
"A2",1.234913069322424
"A2",0.8589934534972778
"A1",0.10885592448042392
"A1",0.2920980747867694
"A1",21.590296294867823
"A2",0.8721278816791433
"A2",-4.5868478269438535
"A1",0.10280063091361935
"A2",1.6100571844049152
"A2",1.2717038297791816
"A2",1.59015685610504
"A1",0.9583235296852639
"A2",0.9247001200622158
"A2",0.8606136522238159
"A1",0.8659753391440304
"A1",0.185226272075677
"A2",1.3789538297955048
"A2",1.2015828061585239
"A1",-5.445606011902853
"A1",28.496121842800946
"A2",44.74041047230814
"A2",0.8443915289246531
"A1",0.21766618124810222
"A1",-22.626733813724467
"A1",0.9731373163697199
"A2",1.7302700860661937
"A1",29.434403289837885
"A2",41.68010673608962
"A1",0.842735511864253
"A2",-2.7365876953022443
"A1",0.6470231399429218
"A2",1.3359466395374795
"A1",0.868121966528363
"A1",12.87268749042815
"A1",0.947772724520132
"A2",1.7666593517045632
"A2",1.2540549134706074
"A1",0.05956166175592137
"A1",37.69487398622909
"A2",51.954306129879164
"A2",6.684989218613579
"A2",1.400819808559744
"A2",1.3571770869254158
"A2",-22.66646956222424
"A2",0.8649478267581638
"A2",1.3134939606106715
"A1",0.6372248936169085
"A2",-24.22427399075556
"A1",0.4059191932799877
"A2",0.9199445289411488
"A1",0.4595118445644717
"A2",1.1937059732786033
"A2",1.649619518745884
"A2",1.7258149299997254
"A2",-0.7665501516331126
"A1",0.29871153980737297
"A2",31.692153580337507
"A2",0.8245989487530259
"A2",23.212798246012685
"A2",1.1683206886123991
"A2",1.4594911971388356
"A2",1.4728672561818488
"A1",0.6907402674320473
"A1",0.44296585282686474
"A1",0.39609350277187705
"A1",0.5752722220885473
"A1",0.6773877911467046
"A1",18.334765179396054
"A2",0.9122117472983291
"A2",0.8554012973844911
"A1",0.7715664012268237
"A2",0.9951785908240567
"A2",1.3414617707702712
"A2",1.6108481789021067
"A2",1.0546472311758708
"A2",1.5900087358421502
"A1",0.3105485029233783
"A2",1.3097442373580641
"A1",0.9821080336360948
"A2",1.6926712683134326
"A2",1.7884783245390474
"A2",0.8445222414401159
"A1",0.9564668492708583
"A2",20.165468121588866
"A2",1.5005156916005804
"A2",1.043887947913172
"A2",1.4584838284320774
"A2",1.0342261529059245
"A1",0.3552151307340423
"A1",14.731243075398394
"A1",32.14790801446608
"A2",-19.58619289584153
"A1",0.24280185949028876
"A2",1.6825766872454553
"A1",0.007735293553456257
"A2",1.0412833856075043
"A1",0.7620866588409081
"A2",0.8993726756240341
"A1",0.3833969647772204
"A2",1.1285267476530707
"A1",-14.318838104552757
"A1",-28.114555784667306
"A1",0.45566014881759864
"A2",1.599450189920872
"A2",1.6633812366943186
"A1",0.3002749732083456
"A1",0.7771897349989736
"A2",1.6418443801308023
"A2",1.0714274298544089
"A2",1.369530768779259
"A1",9.445623550685509
"A2",1.6054135483711582
"A2",1.6761286223338663
"A1",-23.851452110093017
"A1",20.13154024155349
"A2",0.8384746248102493
"A2",1.125137528346591
"A2",0.9090964446378773
"A1",0.013170210931385373
"A1",0.567459578252113
"A2",0.8495606714480626
"A2",1.296238862681504
"A2",1.729705171466868
"A1",0.2716597431079386
"A1",-2.118637763673037
"A2",1.2546058331816763
"A1",-17.752425231783736
"A1",0.6517223315180036
"A1",0.4407591491219629
"A1",0.9210818389967985
"A1",0.39577737905043775
"A2",1.733840607622784
"A1",0.2780470958748791
"A1",0.9135057717330122
"A2",1.5534918726623912
"A2",0.8406440059874176
"A1",0.6131990668947629
"A1",0.3732649324861639
"A1",0.8239881512558542
"A1",0.25612743112299974
"A1",0.7824642297454742
"A2",1.6933837814624988
"A1",-14.987356216013405
"A2",1.5526981565356324
"A1",0.2484708091277794
"A1",0.6043749059945731
"A2",1.5080994176315106
"A2",0.9496525674485821
"A1",0.3624411195158972
"A1",0.3729694750137178
"A2",18.144408183351818
"A2",1.2621538312268117
"A2",-3.1041687295734146
"A1",0.6756367165319321
"A2",1.7034752178658636
"A2",1.5856713606434023
"A1",0.569416367657624
"A2",0.8451858311652574
"A1",14.074961996667673
"A1",0.043133980411723005
"A1",-2.7919136282160677
"A2",1.6342495676708222
"A2",0.8011262772456245
"A1",0.30219518568457215
"A2",-0.3650520353866056
"A2",1.634858412582097
"A2",1.1749700971308048
"A2",1.6607223691981037
"A2",-26.089323160237644
"A1",0.8902940677862672
"A1",0.31643211016421624
"A1",0.07503463696179646
"A1",0.8746820853348933
"A1",0.8915364636239096
"A1",0.933714210271642
"A1",0.9736641269447539
"A2",1.1523404622049591
"A2",0.8949105802354755
"A2",18.73930941994934
"A2",1.780529497449256
"A2",-3.6653146723443246
"A2",-22.699565495358527
"A2",-6.395913061194908
"A1",0.20095270573498758
"A2",1.1058703279438526
"A2",0.965406804188405
"A2",1.0739031035323303
"A2",1.3990468941102088
"A1",0.9600924569175024
"A2",1.2557960321678523
"A1",0.5000134036868933
"A1",0.5414733927102648
"A1",9.429527521845532
"A1",0.5153692844079028
"A1",0.5152167218177048
"A1",0.49373917747153206
"A2",1.1461566745367384
"A1",0.7877096279575371
"A2",1.7732134675706686
"A1",0.6441066436544705
"A2",1.1290740250379045
"A2",1.3567881420667682
"A2",1.2982109034115281
"A1",0.972957948230073
"A2",1.3881559294421475
"A2",0.9587160732437876
"A1",30.56473355164511
"A1",0.4822175639629771
"A2",1.6871595858652388
"A1",0.14352365876897766
"A2",1.3561985222198447
"A1",-14.056968447091657
"A1",4.833272155691169
"A1",0.7383406751994901
"A2",1.6813679351823299
"A2",1.3723875122163498
"A2",1.5415654439371134
"A1",0.967497270434722
"A2",1.1161728573547947
"A1",0.5683050838586086
"A1",0.024449637573674243
"A2",1.354991526068786
"A2",1.4916746237128933
"A1",0.6952606560890173
"A2",12.765252572357312
"A2",1.234909770179082
"A2",1.037137398643644
"A1",6.579778814840794
"A1",-60.07498696859439
"A2",0.21742037978147177
"A2",15.320159815875149
"A1",0.7731173387097785
"A1",0.3324817981844086
"A2",0.9507178474414275
"A2",1.1057437418612965
"A2",0.9584386343453086
"A2",-3.95647590854232
"A2",1.0808725948900177
"A2",1.3338253503391733
"A1",0.8473676246117201
"A1",0.6449313944993977
"A1",0.7751577081200438
"A1",0.039200479466671156
"A1",0.7427226336797816
"A1",0.9895985958582365
"A1",0.5554929605209078
"A1",0.5793180589680171
"A2",1.637846285544403
"A1",0.8027299144989657
"A2",1.7531430085674797
"A1",0.34585470225953374
"A2",1.7101431841837573
"A2",1.4475649779653248
"A2",-3.0649435643335
"A1",9.190450949878276
"A1",0.2979698190623259
"A2",1.6109416317983019
"A2",0.9308503502945373
"A1",0.5793322756864239
"A1",0.5527438136197496
"A1",0.9038193859011481
"A2",0.8746881238672095
"A2",1.3163841148565305
"A2",-14.743873984106616
"A2",-48.92145197512951
"A2",0.9288326745283191
"A2",37.49836100468227
"A1",-2.2535287551485634
"A2",-7.525128129508614
"A1",0.39860003095028507
"A2",4.481865069526808
"A1",0.30832386393391387
"A1",6.854615007323477
"A1",0.992991223917006
"A2",1.3777891805507254
"A2",1.6342473176116818
"A2",-38.097326231659856
"A1",12.639512379739287
"A1",0.11860622658435904
"A2",1.052984484510732
"A2",1.4861685926871144
"A2",53.73946622846534
"A2",1.2910278563557662
"A2",1.1346147237335937
"A1",0.03499898617429675
"A1",50.072338425243
"A1",0.7124199034494865
"A2",1.151504081722939
"A2",0.8979718320052459
"A1",0.4070474761260221
"A1",0.559086245099778
"A2",0.8950152816725221
"A1",-15.888948170262015
"A1",-5.19102120145277
"A1",0.9871880653138327
"A2",1.2609806031919937
"A2",1.5946696434884475
"A1",-30.105075404686424
"A1",0.280669385635262
"A2",1.3441514567900636
"A2",1.0470983037036286
"A1",0.08743316753967934
"A2",1.0722735831990793
"A2",0.9092352832032695
"A2",1.5640082659399983
"A1",0.9417821742878676
"A1",0.7447691575409872
"A2",1.5905131886083652
"A2",1.2832672476328824
"A2",1.4380982209140327
"A1",0.2926901223125733
"A1",0.10373373847017309
"A1",0.41623386985646293
"A1",0.6653054921326853
"A1",-12.79094619263538
"A1",-0.0553382559129354
"A1",0.35540126423924967
"A1",0.6449855139701599
"A1",0.41131055612875644
"A1",1.7986113580509029
"A1",0.8708419425635652
"A2",0.9437410907668411
"A2",1.3903806292347174
"A1",18.111619906064288
"A1",-2.478846574907865
"A2",0.8612343251692995
"A1",0.438336750076759
"A1",0.5610863516046967
"A2",1.6441621612728197
"A1",0.681865941777617
"A2",0.9314906816619655
"A2",1.3120606460268085
"A1",-0.8019654751521594
"A1",0.20409170487724326
"A1",11.317228829191658
"A1",0.4957121711900052
"A2",1.09683494234898
"A2",-11.628784788753432
"A1",0.9221322002986219
"A2",13.302913319983663
"A1",0.534132634265974
"A2",1.53348155501509
"A1",0.34022683291843836
"A2",-2.965954862243865
"A1",0.49802005949619255
"A2",1.2469874065952113
"A2",1.2779562505106525
"A2",1.3019245950820408
"A2",1.0996342945235733
"A1",0.557591285909256
"A2",1.099822489307809
"A1",-43.340839710743445
"A2",1.6098117909415837
"A2",1.6188331894088241
"A1",0.6429205971789766
"A1",-4.450240490970939
"A1",0.7297516646709756
"A2",1.0337727842671207
"A1",0.8250945659879234
"A2",0.8912369266374138
"A1",0.10313952982628449
"A2",0.8794676547134728
"A2",1.168605235010438
"A2",1.366121876458832
"A1",0.31431813651148
"A2",1.5601641275328104
"A1",0.9272463712187708
"A2",0.9191784037609605
"A1",-22.474124512558223
"A1",0.49645127280546575
"A2",1.7986497757239617
"A1",36.59863939920104
"A2",1.0918170734500197
"A1",0.3748567886018781
"A2",7.57324190824251
"A2",1.1546785487401092
"A2",0.8686700369874367
"A1",0.26036712283974994
"A1",-0.3821926346046012
"A2",1.699793005567691
"A1",0.5064009035086081
"A2",1.5406071097513296
"A1",-6.1680632485854705
"A2",17.9480075806368
"A2",12.366683313823316
"A1",0.6358010173487776
"A1",0.9167337030172824
"A1",0.9296104187395982
"A1",33.59927333294675
"A1",0.3883238497329038
"A1",0.37866165359154924
"A1",0.12462568843441435
"A2",1.065108380117438
"A1",0.9856534210153609
"A1",0.7364927011152833
"A2",1.2199002899821227
"A2",-21.480758580098094
"A1",0.1671405870024798
"A1",0.9619920539266751
"A2",0.8785641300091442
"A2",0.8357748638577331
"A2",1.3697050817565755
"A1",1.7197044821604783
"A1",0.9475457207805806
"A1",0.837251681160984
"A2",1.2986731434134615
"A2",1.2801050966239216
"A2",0.9375935029137699
"A2",1.5908271189045446
"A1",-13.749259703130395
"A1",-4.147020580216352
"A1",0.6798894371791679
"A2",0.9745588947566557
"A2",1.4111610431061332
"A1",0.3363589997358598
"A2",1.152525741301057
"A2",1.050651202284266
"A2",-55.98558204196254
"A1",0.8275720475146198
"A2",1.1150424303412525
"A1",0.6780870617541068
"A1",23.12087402408678
"A1",0.6486060683679775
"A2",1.304941247639675
"A2",-0.5353117371200646
"A1",27.864902128898922
"A1",-9.115361054467124
"A2",-17.451852856234694
"A1",0.6084406048099775
"A2",-17.438858496966205
"A1",0.05781018425707907
"A2",1.7409456405487702
"A2",-31.569092722526197
"A1",0.30525811792389623
"A1",0.8277746953613079
"A1",-11.11586612816056
"A1",0.21029473228688467
"A2",1.681953858378283
"A1",0.07481890286567339
"A1",0.7774405953871455
"A2",-6.112587264881875
"A2",1.7947757536331943
"A2",0.9775461971032247
"A2",1.2180325109576842
"A2",1.1808003712327986
"A1",-20.468655792562487
"A1",0.16442170493158303
"A2",1.1653561844133782
"A1",-24.773930678130828
"A2",0.9562131164712151
"A2",1.5742251988597658
"A1",0.49633624040379654
"A2",1.1997701313904823
"A1",0.20108333539761913
"A1",4.364814887101018
"A2",25.50516982956575
"A1",0.4106396873704643
"A1",0.44942696337570576
"A1",18.196379310598605
"A2",1.2769659865802716
"A2",1.6601987547904504
"A2",0.8773085511210703
"A1",0.7019678005037522
"A1",0.5785971859745065
"A2",0.8207163115953207
"A1",0.034383377485642574
"A1",0.07171537312577758
"A2",1.4880149323315086
"A2",1.6215925317628812
"A1",0.9786581284323062
"A2",17.067618600825597
"A1",0.18922883418878333
"A1",0.37018801969988835
"A2",1.0736158355043872
"A2",1.1442256776187194
"A1",0.5400442641365273
"A1",0.037987474289740586
"A1",0.23300353444667787
"A2",1.5968918671262229
"A2",1.4659670277468193
"A2",1.092177509366103
"A2",1.617385317015004
"A1",11.408932444922664
"A2",1.011981104560237
"A2",1.349468005790866
"A1",0.33351054346650844
"A1",0.835744188518694
"A2",1.5660458915767654
"A1",-23.578753160584576
"A1",0.7245095975733911
"A2",1.268700228065493
"A2",0.9466588803348599
"A1",0.5750713282111675
"A1",0.943895742994967
"A1",0.41335730773667057
"A1",33.292954731053655
"A2",1.512191342768577
"A1",0.16154392040957766
"A2",1.500322073508867
"A1",0.33880202603344567
"A2",1.2160708497504464
"A2",0.9982622772136038
"A2",-18.258106858788896
"A1",-23.952985591117248
"A2",0.834409612536871
"A1",-16.209143824700284
"A2",1.3183907016907859
"A1",0.40767309757960457
"A1",0.9716963315009108
"A2",0.9361151621468564
"A1",7.806051481352263
"A1",0.228030583184607
"A1",25.084008813237993
"A1",0.41730263198047046
"A2",1.3447079494238665
"A2",-8.725082540752425
"A2",1.0991721368030583
"A1",7.287651363606092
"A2",1.5571185485454944
"A2",0.8282258913155609
"A1",0.5638050434904771
"A1",0.4330512359913832
"A2",1.0760171656715694
"A1",0.48114816787058756
"A2",1.4489156650512165
"A1",0.8649177419943395
"A2",1.6007430619047744
"A2",1.4229913664760674
"A2",1.4590421492315577
"A1",0.36162178668839196
"A2",1.2182754806183795
"A1",0.18297483480986965
"A2",0.8600103964977976
"A1",0.9232602420009932
"A2",1.448961199779762
"A2",1.4916972139972673
"A2",1.1893249116039453
"A1",0.005214352497673325
"A2",1.3362346401882628
"A2",-33.11565226778577
"A1",0.19271758709429032
"A2",1.723400496167301
"A1",0.703059604508057
"A2",1.4759885470639236
"A1",-25.497737926286327
"A1",0.7211464763952691
"A2",1.6686556022382582
"A2",0.9747333175765829
"A2",0.8670710409315681
"A2",1.5702443276166484
"A1",9.453496392377644
"A2",1.650362937033392
"A2",-0.9517113848976855
"A2",1.0193360039566381
"A1",-14.85518727246181
"A2",-24.70083251828766
"A2",1.2848220738703238
"A1",0.7315524618030611
"A1",0.2344966522326608
"A2",1.2288681793317004
"A2",1.5998166796894129
"A1",0.6005415916055679
"A2",1.0940081352543405
"A1",0.5757116560954136
"A2",1.6341235463588797
"A1",0.47656962003665826
"A2",1.798348238050073
"A1",0.5328607773883491
"A1",0.0022629120421886473
"A2",-34.20382715446673
"A1",0.23208549050908567
"A2",1.2537775016857846
"A1",0.3013368918924315
"A2",1.3539090254315578
"A1",5.645952041748801
"A2",1.7029265350553133
"A2",1.404197133224999
"A1",26.036429343052884
"A2",1.7311585915572618
"A1",0.415534734153153
"A1",0.4804102424523997
"A2",1.0627826416230033
"A1",0.7422030895741174
"A1",0.280531261138111
"A1",0.5202823311344829
"A1",0.9701709452309477
"A1",0.5463178119077345
"A1",0.8047116078903882
"A1",0.6699972582803329
"A1",0.18164499414610624
"A1",0.17825238212149186
"A2",1.4469938000644755
"A1",0.07360831208537788
"A2",1.7100121434239086
"A1",-14.244757111258389
"A1",0.5142143315162155
"A2",1.177473258175915
"A1",0.802230680896945
"A2",1.6211113741257464
"A2",1.6744489718884739
"A2",0.8740860602921312
"A1",-12.790919407262233
"A2",1.7829530149666284
"A2",0.8342486877667388
"A2",1.0782917060688357
"A1",0.5733813620347696
"A1",-0.6756560647682557
"A2",1.267453913811886
"A1",0.32261874592226336
"A2",1.3252478742154068
"A1",0.43642627844566406
"A2",1.3686612117400416
"A2",1.2640366441555606
"A1",0.44099315570325737
"A1",0.7139345049106658
"A2",1.4882446626465204
"A1",0.6910533661479823
"A1",0.8319899000360567
"A2",0.9147928060131081
"A2",1.5505695370975945
"A1",0.6421382481075373
"A2",1.0943265365567014
"A1",0.27124428526511135
"A2",1.5634842420973025
"A2",1.6317123831834919
"A2",0.8594111841723657
"A2",1.7940295488580822
"A1",22.44323552931331
"A1",0.08521997380846447
"A1",0.7747729219013944
"A1",0.13478536186367762
"A1",0.19246162724323757
"A2",1.222203851753905
"A1",0.6433901039559113
"A1",0.11405264118633873
"A2",-16.39440929461455
"A2",1.1549662666044278
"A1",-37.584421518114375
"A2",1.5465778758178685
"A2",1.0924052922024523
"A2",1.7665552758718932
"A2",1.6117525627677867
"A1",0.1275288974696105
"A1",0.1728265781752507
"A1",0.08225600417320811
"A2",1.009615233015757
"A1",0.41543403390691
"A2",1.7312584132698066
"A1",0.678976116882311
"A1",0.253861571876282
"A2",1.169253610831835
"A1",0.14894982225367492
"A1",0.5751341279042284
"A1",0.20560458974797902
"A1",0.028573194198879603
"A2",1.5306186497503709
"A2",1.4394408787575605
"A2",1.1488207103859507
"A2",1.331183655322644
"A1",-19.974821102882085
"A1",0.038826442690389484
"A1",0.04201281573966842
"A1",0.1891411948758286
"A2",1.6208376932755675
"A2",1.2939857105463546
"A1",0.6922847926110989
"A1",6.069735643827941
"A2",1.75742683136801
"A2",1.151374101579333
"A2",1.3208177946912756
"A1",-13.537315138424686
"A2",1.1104386236264294
"A2",1.3071950845423241
"A2",1.0739639296423926
"A2",1.7514631550488537
"A2",1.7370661376970142
"A2",3.869706315968485
"A1",0.7489111439088969
"A2",1.632978611295611
"A1",17.324795407645396
"A2",-11.977619013967935
"A2",1.3774112497019413
"A1",0.00639685316774008
"A2",1.081863340772381
"A1",0.8611001021639888
"A2",1.3046757423666762
"A1",0.9614543057281961
"A1",0.6286022679044856
"A1",0.02238065560468261
"A1",0.4904386333862685
"A1",0.2013270627905266
"A1",-26.21195447639484
"A2",1.5863910452377339
"A2",-3.668336318632603
"A2",3.8022861390416685
"A2",1.748093897764493
"A2",1.4385392075320456
"A1",-12.410475424080506
"A1",-11.443937951699262
"A2",1.5308696758687954
"A1",0.48368261298150284
"A1",0.35228701969905263
"A2",1.3245314490861486
"A2",1.4182424570098675
"A1",0.05690688433786306
"A2",3.322823900874564
"A2",1.7902113143507499
"A2",-19.34227574984271
"A2",20.29124084043933
"A2",1.6875369020254236
"A2",1.1948675650964786
"A2",1.6879589515307232
"A2",1.5870592754023076
"A1",0.764634972890466
"A1",0.9024759905647719
"A1",2.073739314741222
"A2",1.4338445926468288
"A1",0.8685739172948068
"A2",40.794448562086245
"A2",17.00324084253363
"A1",0.2771480569348945
"A2",1.0398973989298907
"A2",0.8457019880665437
"A1",0.12106601561059183
"A1",0.5098389031507413
"A2",1.7520314947796225
"A1",0.8560905272887349
"A1",0.6974479265231286
"A2",-9.115909230931798
"A2",0.8517460722337191
"A1",0.3122606513447721
"A2",1.3702563122321856
"A2",-23.069292920803157
"A2",1.740681168403117
"A2",1.589431910832372
"A2",1.2788820276754929
"A2",1.537928679506111
"A1",2.2595655100363246
"A2",1.6380045364121243
"A1",7.666139520962793
"A2",1.1833843259659236
"A1",0.4139809096923337
"A2",1.709600691187212
"A2",1.1608096600124098
"A2",-2.9370290842005176
"A2",6.011878673490108
"A2",1.1936514659313398
"A2",0.8613677749028674
"A1",0.15892160367824504
"A1",0.42077804716839884
"A1",0.5322084405737837
"A2",1.4770497437470955
"A2",1.3710604738371563
"A1",5.187825397228254
"A2",0.9069624837213381
"A2",1.1386451769508037
"A1",0.5619103701152925
"A2",0.9082074127974225
"A1",0.3348453296952101
"A2",1.098341981808952
"A2",1.0261132011074017
"A2",0.8147949565535475
"A1",0.7534924470432387
"A2",12.451963734097426
"A1",0.2641758068351949
"A1",0.34452060709659293
"A2",1.255011396708414
"A1",0.5011760201447297
"A1",-16.52523830263806
"A1",0.687156956294114
"A2",1.437884067971538
"A2",1.064406282502049
"A2",1.4458857952531563
"A1",0.23659958022023386
"A2",-20.47137198837975
"A2",1.7587514278151943
"A2",-1.9153024388599313
"A1",41.690120088652144
"A2",1.4140842562256397
"A2",1.4587107264447312
"A2",1.3004882508750222
"A1",0.386170730188113
"A2",1.6887040817385897
"A2",0.9015459491210667
"A1",0.17264026418003464
"A2",29.205083038087754
"A1",59.87387967802714
"A1",0.283294131937436
"A2",1.595915289182008
"A2",1.1889148761850252
"A1",0.30244577391475613
"A2",0.8927271484055537
"A2",1.1548291300901716
"A2",1.120235777252715
"A1",0.5680275221190387
"A1",0.728187425945793
"A1",0.27682225413549477
"A2",-16.49869597710827
"A1",0.6291101588199366
"A1",0.47936582997664345
"A2",0.973012946998594
"A1",-23.026978239643807
"A2",1.009717489200648
"A2",1.4489864275724158
"A1",0.5657593265731784
"A1",0.025785001717212985
"A1",-10.786087514423281
"A2",-15.599897708669014
"A2",1.2224471027415276
"A2",1.0971784545879237
"A1",0.25811422067790724
"A2",1.091538040593549
"A1",0.5275047758573865
"A2",1.1332498303017964
"A2",-6.430845191158246
"A2",1.7236322034390938
"A1",0.30426944361772224
"A2",1.1801394626308614
"A2",1.3096714986186244
"A1",-3.8345053219212213
"A1",0.4548442882717867
"A2",0.9540769358300709
"A1",0.25828800330029433
"A1",0.7138585990786557
"A1",0.9812306540106037
"A2",0.8772786556680581
"A1",0.2760983019907395
"A1",0.05678085804771915
"A1",0.3416863030941317
"A2",1.0758875352394026
"A1",0.3725889768066979
"A2",-4.996256776018481
"A2",-12.000874213345803
"A2",1.4697295016648353
"A2",0.617400810448345
"A1",-25.846902603104173
"A2",1.455364293655147
"A2",1.3702345103516138
"A2",0.943178212628875
"A2",1.0593439083979042
"A2",1.0853836581042924
"A1",0.48932895816828914
"A1",0.26946766761144403
"A1",1.3761216390972844
"A1",0.543016482587694
"A2",-21.67285525629203
"A2",1.7661317408596724
"A2",1.7537378303492122
"A1",-2.0582313108130927
"A2",1.0979177011412589
"A2",1.5723064729016631
"A1",0.24263728779249827
"A2",0.8968490184249951
"A2",-9.745451960667214
"A1",29.93762118686982
"A1",0.16585532523605306
"A1",19.453879668827366
"A1",0.9313091057778995
"A2",28.410112820659666
"A1",0.026266865064639378
"A1",22.291365349231096
"A1",-4.939830502932842
"A1",0.016159241154956483
"A2",6.667628735200234
"A2",-29.71003420157348
"A2",1.0610106176761371
"A1",0.3361060369473987
"A2",1.5758290962856907
"A1",0.18340663582798045
"A1",0.8162532664761479
"A1",0.4542600213411818
"A2",1.4741003649801379
"A2",1.093002585776769
"A1",8.37520309105376
"A1",2.7832426879276584
"A2",1.526140242905453
"A1",0.26737212663213694
"A2",20.22324199943292
"A2",1.1279280957405924
"A2",1.4742992022085288
"A1",0.9380486897227829
"A2",1.3384618028700057
"A1",0.9031176028679699
"A1",0.9090858566259199
"A1",0.20908548157358764
"A1",0.42199397307319186
"A1",0.33473944358327756
"A1",0.4224890253360001
"A2",1.4106980459496514
"A1",0.04274838447787066
"A2",1.7703190283243833
"A2",1.147620936731914
"A1",0.06676078605530078
"A2",0.8859164431126978
"A2",0.8811899396251359
"A2",23.71138422971113
"A2",1.2543519529332776
"A2",0.8772760311182379
"A1",-1.5790854874415623
"A1",0.9613665339908635
"A2",1.5204047164707655
"A2",1.7856637170259533
"A2",1.6350747054056072
"A1",0.7141956409081696
"A1",0.6507665115825971
"A2",31.307770380275265
"A1",0.4803679952569817
"A1",0.4373494047828228
"A1",0.03437267575243719
"A2",48.47294478037599
"A1",-57.403460511520265
"A2",1.1999416686978235
"A2",0.9921458859638752
"A1",0.406428879599962
"A1",0.7024593228412555
"A1",0.7760839449644545
"A1",0.4485428186770779
"A1",0.9884137704650866
"A1",0.4537251640511475
"A2",1.5653262005917683
"A1",0.32359332012850905
"A2",0.9605232841536695
"A1",0.9714036456945239
"A1",0.7228123232062693
"A1",0.9517018189944813
"A2",1.613055089128123
"A2",16.381061710732045
"A2",1.7623547901593073
"A1",-43.36088499404389
"A1",0.781977888013911
"A1",0.4489004818958724
"A1",0.6617567065490362
"A1",21.004519886883546
"A1",0.3290709695327645
"A1",0.9782085312551636
"A2",1.4051489745204708
"A2",0.931377595833242
"A1",0.9305072359413495
"A1",0.15970809262835095
"A1",0.6031689741282822
"A2",0.9333189154407457
"A2",-32.67051540869278
"A1",0.7515653446898483
"A1",0.1297738611590309
"A2",1.0567027273619545
"A2",39.09509941599926
"A2",1.6307406933553974
"A2",1.7344269075215986
"A2",1.1531450436721526
"A2",0.8368120458378041
"A2",0.9039396277199268
"A2",1.4528543269275718
"A2",1.3016115983367031
"A2",1.6709625893288733
"A2",0.9773996244589889
"A2",10.924191013055339
"A1",0.18385970652370331
"A1",0.20109410456229315
"A2",1.0660545729655209
"A2",1.5461938738079073
"A1",0.8977950632757135
"A1",0.3593214885061704
"A2",1.6739484984018775
"A2",0.9026081208904242
"A1",0.9764169014883175
"A1",0.11894167181614246
"A2",-32.23167330995342
"A1",2.6664209082855965
"A2",1.001717110284143
"A1",0.6536555530932826
"A2",1.2200714989914039
"A1",0.9626655877396437
"A1",-34.39876534464013
"A1",0.964457353053201
"A1",0.9322587103189508
"A1",0.8230917746443227
"A1",0.3647534523583924
"A2",1.4851668573445347
"A2",1.6333270406346971
"A1",-11.519212458299727
"A1",0.6636214718909335
"A1",-38.941045166785216
"A1",-5.600069154795609
"A1",0.38495137853335604
"A1",0.806370268735167
"A1",30.12810523195238
"A2",-36.78421758491202
"A2",1.130819987005758
"A1",0.2268177882420206
"A2",1.563895101416178
"A1",0.027474382898940553
"A1",0.597930528686397
"A2",-27.409784501874956
"A1",0.05658908697283671
"A1",0.4243521790664102
"A2",1.683029676519106
"A1",0.8362490719413329
"A1",0.07792086696257927
"A2",1.2604172985005055
"A1",0.5836881502624247
"A1",0.12180027321021525
"A1",5.775275030361598
"A1",0.3861326390876003
"A2",1.2687122119498497
"A1",53.16057950540582
"A2",1.0500353145846764
"A1",0.22390915648109333
"A2",-10.344234412750172
"A1",0.7318946794030627
"A2",1.3610988232746644
"A1",0.3691195629459829
"A2",21.573901710517156
"A1",12.069127088104258
"A1",0.3996270674760698
"A2",1.5919841919514102
"A2",-6.102514443934188
"A2",-7.129485356034204
"A1",0.7055262877794686
"A1",0.7800410555582988
"A1",0.0654822544532827
"A2",1.2818167418514606
"A2",1.3361543453018045
"A2",1.5080786854793213
"A1",-42.95071715454264
"A1",0.7111665304859769
"A1",0.5129998306475423
"A2",1.1548231047430355
"A2",19.316350344076227
"A2",1.0773960382078336
"A1",-13.284499856363421
"A1",0.18366598959807456
"A2",1.4855089154278664
"A1",0.1551140766168153
"A1",0.5764465254479196
"A2",12.4230820973576
"A1",0.49420279596481764
"A1",0.9442601556476076
"A2",1.071252763487017
"A2",1.5912981971521247
"A2",1.103136823898074
"A1",0.9371879276056336
"A1",0.3605271610952969
"A2",8.643943582589795
"A1",40.86031532909773
"A1",0.03551564022709375
"A2",-7.328326003288115
"A1",0.81208977722698
"A1",0.9017619874690053
"A1",0.023060160397714746
"A2",1.4416186739607662
"A2",37.29824058816275
"A1",0.2244457359178138
"A1",0.237098312699487
"A1",0.6378498689149676
"A1",0.6753397160961114
"A1",0.7708091972648481
"A1",0.9839923352424074
"A1",-6.884101616638035
"A2",43.227700355111416
"A1",0.11792486934867141
"A2",23.42862172418597
"A1",0.5636229889713613
"A1",0.48005859537909124
"A2",1.2473971109997704
"A1",0.3118920921411634
"A2",1.631866911854314
"A2",1.7335922642185007
"A2",1.7214706697141293
"A1",29.86437931938842
"A2",0.8403644146564466
"A1",-23.565160622873428
"A1",0.3700354101286758
"A1",0.3202033754106781
"A1",-34.234232851840545
"A1",0.3322434695077363
"A1",0.34887820808548864
"A2",0.9331068754006253
"A1",6.618029644859911
"A2",1.6140559293704562
"A2",1.6975987280279798
"A2",-10.03974133640998
"A1",0.9760705741783833
"A2",1.6964237270358802
"A1",0.26284238531065873
"A1",0.6763009445631831
"A2",0.9053230803378571
"A1",0.024978571499275848
"A1",14.994317947784292
"A2",0.8732072746911981
"A1",0.6734960053514341
"A1",0.587155670511893
"A2",1.6674355155610707
"A1",0.5723151366038512
"A2",1.5760702585698247
"A2",0.9434338916321301
"A1",0.7775055859330982
"A2",31.78596093723465
"A2",0.8684797779383007
"A1",0.9372103538956198
"A2",1.1070174369512118
"A2",1.1888327200843951
"A1",0.1372023547157344
"A1",31.234528019901802
"A1",13.024018769559095
"A2",1.6284686137047466
"A2",1.746908771054763
"A1",0.7681806937001558
"A1",0.19886961859990548
"A1",0.4409717691725732
"A1",0.3844098738817898
"A1",0.582885401850858
"A1",0.737706813708287
"A1",-1.5612763439589503
"A1",0.9220091284947716
"A2",-38.1446172466817
"A2",1.6600583355383243
"A1",0.918372097349051
"A1",0.5032425303864645
"A2",0.8625713122915426
"A1",0.8813025212496621
"A2",-7.594479753405822
"A1",-0.9831738546574209
"A2",0.8094669379804784
"A1",0.6344592605550794
"A1",0.2389043642285933
"A2",1.0733537271723947
"A1",0.6301599444720352
"A2",-38.09604011387337
"A2",1.2453377388982143
"A1",26.199725730209433
"A1",0.18517499192367026
"A2",0.9953734632093025
"A1",0.8285163699919345
"A1",0.36180992381532495
"A1",0.32928196592485315
"A2",1.3008142190221619
"A2",20.243066034480776
"A2",1.2015716413071291
"A1",0.8348121272692581
"A1",0.39679913147173607
"A2",1.1331487011270434
"A2",1.3282731763545472
"A1",0.7072201128002542
"A2",1.541214061570694
"A1",0.6338650496367841
"A2",1.4909438663641754
"A1",0.7536163524322417
"A1",0.5069748103734559
"A2",1.3578771180101257
"A1",0.29543685799419084
"A1",0.6510453598401262
"A2",1.6890543388096468
"A1",0.3403881224023195
"A1",0.9935910770290384
"A2",1.6933918758523168
"A2",24.34039472313383
"A1",0.020949648767294216
"A2",1.176596636570209
"A1",0.9441853775421369
"A2",4.769592712625619
"A1",0.3571564319419618
"A1",-6.539553538580911
"A1",0.9408120411182566
"A1",0.8825198498041917
"A2",0.9255883574314223
"A1",5.021151510972475
"A1",0.7084781873356527
"A1",0.06288292255655792
"A1",0.6121080563051278
"A2",1.6136390992261371
"A1",0.7797474282000287
"A1",0.5701610913966428
"A1",0.6022553577577614
"A2",1.5918358502876082
"A1",0.6660848009863956
"A1",0.6673690447602814
"A2",1.6851638655743855
"A1",0.6394318633907419
"A1",0.8650406838190072
"A2",-18.129915478973757
"A1",39.607941044176776
"A1",-17.81884832251626
"A1",0.23634724650825656
"A1",-30.61584782203699
"A1",0.49016598885058116
"A1",0.02129223713323758
"A1",0.09942925940750613
"A2",1.494015259205375
"A1",30.89768778789196
"A1",0.2468643875620471
"A1",0.29099782687658626
"A2",-26.960406237954146
"A1",0.059462310197913926
"A1",0.42591236577584723
"A2",3.0493425410934414
"A2",1.715180798712294
"A2",1.422250007564842
"A1",0.04823561196985571
"A2",0.8464854483585671
"A1",0.10415353323095
"A1",0.8522536961989722
"A1",3.146889185408504
"A2",1.4181395288231673
"A2",1.4142631820276188
"A1",0.14179842211324556
"A1",0.30759392369110605
"A1",22.708513445645874
"A1",0.7681644298341657
"A1",0.4193978559483138
"A1",0.412570411793413
"A2",1.2537542205533179
"A1",0.12552053862432277
"A1",0.7300439850249483
"A1",0.6719951986486465
"A2",1.7616486154471696
"A2",1.1823763785023802
"A1",0.9024615924144628
"A1",0.4866367995741858
"A1",0.5906877761155684
"A2",-0.11603043299470595
"A1",22.669665532242835
"A2",1.0077818141850656
"A2",1.050476110033732
"A2",-19.043619291122305
"A1",0.9939185402511261
"A2",1.006073749490997
"A2",1.0133587288027208
"A2",1.7378899283883849
"A2",1.1097553766777704
"A1",0.9182951434261444
"A2",1.571705258377202
"A1",0.7698140930588904
"A1",-18.778106876123783
"A1",0.32040147863719515
"A1",0.6609346588489453
"A1",0.876187206252149
"A2",1.129690017641458
"A2",2.7129760496619797
"A1",-4.9186683273441485
"A1",-8.311698945874241
"A1",0.0009414174346895621
"A2",1.0002423579256905
"A2",1.6276045185313275
"A1",0.6551921191643657
"A1",0.339560375233664
"A1",0.3096565412898713
"A2",0.8433558219762984
"A1",0.6740873008163866
"A2",-8.697398823013263
"A1",2.493128363465508
"A2",-57.94117999826202
"A2",10.118822295521213
"A1",0.8002593567143685
"A1",0.8413811592230198
"A1",0.8509234466951849
"A1",0.2684865562663934
"A1",21.215830855598963
"A2",1.3031636461837497
"A1",0.3020606823781691
"A1",0.5203357461457898
"A1",0.5552042145098353
"A2",-44.27177598085941
"A2",1.402376581197695
"A1",0.5162634047565489
"A2",1.468281641764961
"A1",0.9243047552983006
"A1",0.5949102578022807
"A2",-11.562344162305347
"A1",0.6687374291094899
"A2",1.267702735816381
"A2",0.9182467336593638
"A1",41.94027530805635
"A1",0.9314298626665436
"A1",0.9322560930153856
"A1",33.81881304333793
"A2",1.3884644245350202
"A2",36.15487666600957
"A2",1.6039723371784924
"A1",0.8596647933603196
"A1",0.3321451231408492
"A2",1.1721235756993136
"A2",0.9363892957987627
"A2",1.4753447349831517
"A1",17.82540864692697
"A1",0.6042462480314232
"A2",0.10308739797498068
"A1",0.436526120655474
"A1",0.6498856564914091
"A2",0.8004387671560869
"A1",0.6110744882255794
"A2",1.3700138106769313
"A1",0.46559308854663417
"A2",1.1217620418629801
"A1",0.5092296311915887
"A2",1.648262458717907
"A2",1.6460911798778455
"A2",1.353849579707146
"A2",1.6751016561123584
"A1",0.019486082017756923
"A2",1.1195826784367777
"A1",0.12013141173552433
"A2",1.4882919479949033
"A2",1.1405402223726329
"A1",0.5740871285707516
"A1",0.35412999709213255
"A2",0.9931610727919158
"A1",5.047434710030349
"A1",0.22664876939592737
"A1",0.39502282634371544
"A1",0.010262881287726566
"A1",0.9939549605008715
"A2",1.083673592515979
"A2",1.7054051958979037
"A1",0.5517457416527864
"A1",0.7748962362477947
"A2",0.8465817744640747
"A1",0.7930555207878525
"A2",1.0300380684336836
"A2",-33.958858186639475
"A1",0.23714258026327917
"A2",1.0824671417082723
"A1",0.9730382972667495
"A2",1.420848483398374
"A2",1.7930780441906689
"A2",9.012289811048241
"A2",1.3656948886826228
"A2",0.878344813528144
"A1",0.5779702566439635
"A1",15.334548205290101
"A2",1.0886029891838598
"A2",1.129059420283376
"A2",1.5008072279686449
"A1",0.8100890429999199
"A2",25.434677953204314
"A2",1.4074179804825022
"A1",0.5965796351701496
"A2",1.2358500350070603
"A1",0.8053552495986243
"A2",28.456952552483084
"A2",0.9282187281485619
"A1",0.974440133458405
"A2",1.6119910996444695
"A1",-42.71839219302553
"A1",-6.48915946357741
"A2",1.7636471761095203
"A2",1.5978709394335215
"A1",0.08441940458373853
"A1",0.2421249752239485
"A1",0.0832497461778876
"A1",0.7441956381906119
"A1",0.868243907320031
"A1",0.5613534597583887
"A2",3.1249913558348883
"A2",1.2776524068874426
"A1",-6.466343292436338
"A2",1.5051651451353023
"A2",1.3377451809022072
"A1",0.25748067950283327
"A2",-19.410718435215724
"A2",1.7038833238326745
"A2",-5.840198971639566
"A1",0.8219614336846417
"A2",1.4464754636661181
"A1",0.11362138871138616
"A2",1.1370731582961784
"A1",0.3922796164171236
"A1",0.6603511184480815
"A2",1.1933280491181568
"A2",46.83870112397892
"A2",1.1675571764908825
"A2",26.522165909787166
"A2",33.126990419398204
"A1",0.6529511340177954
"A1",0.9855159538960396
"A1",0.3485804610473975
"A1",0.6584714763488926
"A2",1.3767400589297902
"A2",0.9541806850587469
"A2",1.7717548361211675
"A1",0.9632706941776088
"A1",8.224807639301902
"A2",1.6280829175516196
"A1",0.5069283816549754
"A2",1.7806697292881248
"A1",36.8262684945451
"A2",6.3367835656310545
"A2",1.6475765289009596
"A1",0.07672164163025719
"A1",0.30181500551962337
"A2",1.1944485776735625
"A1",0.3852600374077937
"A1",0.8443799626982502
"A1",0.08110477249834624
"A1",-9.765444490067724
"A2",1.5508327445801013
"A2",-44.664702459347076
"A1",0.42328274655840836
"A2",1.3292088871937378
"A1",0.9573576986637222
"A1",0.7901475668422764
"A2",1.0630334526431355
"A1",0.8285066913326249
"A2",0.8959795582320702
"A1",0.3155464381934505
"A2",1.1634521459862524
"A2",1.296337427362664
"A1",-24.61792048484088
"A1",-7.8407326291177375
"A1",0.93440510257689
"A2",0.8199644955514611
"A2",1.1529419340985636
"A2",1.1614223051136954
"A1",0.6866185992416176
"A2",1.7947406960186574
"A2",1.7657660754683584
"A1",0.5919247036864119
"A1",-3.012215257957426
"A2",-17.99175780786019
"A1",0.028175338606671874
"A1",-5.04847294498851
"A1",0.3055310877267545
"A2",-0.05371440380062409
"A1",-23.273204052053647
"A1",0.4097307973423152
"A1",0.20829075149447496
"A2",30.1997327643316
"A1",0.7522755388422082
"A2",1.1130963904515538
"A2",1.7119428510989132
"A2",1.473506292403109
"A2",1.7652332528876329
"A1",0.16028429520395981
"A2",1.303713684345471
"A1",-30.229129933656022
"A2",1.6964161918579324
"A1",0.1763422108975694
"A2",1.0511316997848075
"A1",0.7685226058004584
"A2",0.9456621454735992
"A1",0.39997886883652645
"A2",29.172395261146058
"A1",0.4642170923732456
"A1",0.4651409274664866
"A2",29.369295582478987
"A1",0.7096977147743684
"A1",0.0694712969399689
"A1",0.1755583959901872
"A2",1.4481753597865519
"A2",0.8292565123126892
"A1",0.5797479019267691
"A1",0.7335787696031311
"A1",26.411813752390756
"A1",19.364736566371246
"A1",0.038186928339536186
"A1",0.12327856045290475
"A2",-4.243497049003749
"A2",1.4600857163585828
"A2",49.04915134182716
"A1",0.6129387687776735
"A1",0.7212281102084623
"A1",0.2729698414451285
"A1",0.6814792345497309
"A2",2.2952751869185324
"A2",4.748277618270605
"A2",1.1203088489716517
"A1",0.6517411994958113
"A1",5.705515749147037
"A2",1.0596245009829646
"A2",28.89204821629428
"A2",-3.7459272847811778
"A1",0.8692065579949853
"A1",11.617475647870835
"A1",0.5116471833201515
"A2",1.4114399792945536
"A1",0.13582007069145474
"A1",0.5769720356889461
"A1",-24.095321520920717
"A1",0.49127165178224863
"A2",1.608566336784833
"A1",12.155972694106085
"A1",0.9934933821987133
"A2",0.8454398196968811
"A2",1.6365276169510172
"A1",0.01562351943002116
"A1",20.04973777179323
"A2",18.35174845250731
"A1",0.1304600436478347
"A2",1.3364710016047803
"A2",-42.509872614704356
"A1",0.714150275963324
"A1",0.8756356566396619
"A2",1.1347632021538598
"A2",1.0968639307885197
"A1",0.1512113694861994
"A2",1.5602442763396984
"A2",1.174207794598669
"A1",0.9085397451028892
"A1",0.8547516502363759
"A2",1.525396344830895
"A1",0.36094342604951546
"A1",0.06291298052787409
"A2",-2.8828853133425656
"A1",-0.5194241168467033
"A1",0.3654856534466633
"A2",1.5562905084418064
"A2",31.238516409277924
"A1",0.9976903301553162
"A1",1.5893347210285904
"A1",0.7014696111235432
"A1",-0.3767675231483596
"A2",0.8725740943708806
"A2",1.7190529494780933
"A1",0.618299292372567
"A1",0.762744979770511
"A2",0.8860474865359913
"A1",0.8919716997440057
"A2",1.0588386548216628
"A1",0.9351364976332672
"A1",0.9873718125283213
"A1",0.1552311057331377
"A1",0.20363683501147323
"A2",-57.54067796351691
"A2",1.268788464572873
"A2",1.793051428159087
"A2",-17.398397078706047
"A1",0.5571934874781963
"A1",0.15979474015193085
"A2",1.5061230523285987
"A1",-34.594974065152066
"A2",0.9554081774910572
"A1",0.9229711190432242
"A1",0.7507271884891427
"A2",1.7815513340446112
"A1",0.5575627327593238
"A2",-4.904312504531785
"A2",-6.19589419962598
"A2",1.3353149261058062
"A1",0.378571579229809
"A2",1.5160414854582942
"A1",0.42549169500836403
"A1",0.15258256490497857
"A1",0.27634438195967226
"A1",0.35800135271902755
"A2",18.842834553374708
"A2",1.327521589901265
"A2",1.7969418855744994
"A2",1.539261018142868
"A2",1.2765575589970939
"A2",1.3581145845947868
"A1",0.09482273560598142
"A2",1.3911106618972993
"A1",0.3815939762761904
"A1",0.7492523913513458
"A1",0.8980749118299951
"A2",-41.16241474675306
"A2",1.6797716385569725
"A2",1.4561925922929033
"A1",0.6450996300202985
"A2",40.703706744430015
"A2",-2.823829672402292
"A2",1.4396806432060916
"A2",1.4625807255795713
"A1",0.166660266220364
"A1",-28.108578554839458
"A2",-28.890956940579905
"A2",1.7917063296087223
"A1",0.348520881362129
"A1",0.7220215942863641
"A2",-10.317907176421512
"A1",0.05184671943065933
"A2",24.819909654137252
"A1",0.8691786539415363
"A1",0.71251686551249
"A2",1.260171645367835
"A1",0.5883203607408012
"A1",11.831075249763812
"A2",-22.272093922165283
"A2",1.340654041519258
"A1",0.8668794707265959
"A1",-16.920070478463646
"A1",-5.416569960108395
"A1",0.883960937248149
"A1",0.5995193955472136
"A1",0.34672575066491174
"A1",0.3486336411109041
"A2",18.876580459378925
"A1",0.4085122750783088
"A1",0.9725495538404358
"A1",13.003076798335574
"A2",0.8712652739121127
"A2",1.2029335800727796
"A1",0.0994099403359705
"A1",0.5376706987784865
"A1",0.6732988728405915
"A1",0.05076126537630299
"A2",-1.8960485082576706
"A2",19.116700233464528
"A2",1.423094945922065
"A2",1.5357025874855568
"A1",42.16800262123477
"A2",1.4457889155482033
"A2",1.5823069515147816
"A1",0.3736889085953885
"A2",2.288411469851977
"A1",9.56563962888092
"A1",0.4402377243866247
"A2",0.9248392106155972
"A1",0.7096532708293248
"A2",1.272396542100795
"A1",0.3183083562395812
"A1",0.25423153660307896
"A1",7.308930264668923
"A2",1.3521684581988689
"A2",-21.35752058850936
"A2",1.7203303845390816
"A2",1.4748319209276881
"A1",-55.81028898114005
"A2",20.242527504181748
"A1",0.5418387548965165
"A2",1.492881970014518
"A1",0.7227459638577725
"A1",0.9508958243284036
"A1",0.5399059377351871
"A1",0.7388244717654757
"A2",2.0804026199048384
"A2",1.5299536509389486
"A1",0.20272733814898047
"A2",3.4415833011259656
"A2",1.6860158750083774
"A2",1.303560561365461
"A2",1.3209672317035421
"A1",0.0789962474371273
"A2",0.9590441755769092
"A2",0.9061322559030656
"A2",0.9765328861803269
"A2",0.9177670968014551
"A2",-11.97456073781103
"A2",1.1372661767806245
"A2",1.6474942024635042
"A1",0.7595385326123021
"A1",0.7898311878403936
"A2",6.860485461824062
"A1",0.08956994508479665
"A1",0.6501377553050114
"A1",0.8798670102539539
"A2",1.5709375660253138
"A2",1.6138901815813136
"A1",0.09771578851410045
"A1",0.07787523149828979
"A1",0.709339501302855
"A1",0.18439595682250776
"A2",1.0943966364171491
"A2",1.1256056965661014
"A2",1.7090533362372524
"A1",0.6902914362193235
"A2",1.6582417477895703
"A1",0.7094878974675332
"A2",0.8437310805726976
"A1",0.514239590057245
"A2",1.309474274473208
"A2",1.645501704632723
"A2",1.50848764693819
"A1",0.9810636604923866
"A1",-24.53305398062635
"A2",1.0328145125908406
"A1",0.8233664814841617
"A1",0.5878674618070145
"A2",1.4381762302820331
"A2",1.723858233420888
"A1",0.02712541169855598
"A2",23.006545838083394
"A2",1.6865895958115638
"A1",0.6576018593596396
"A2",1.5307137046953858
"A1",0.7358386016192642
"A1",0.7413517271997085
"A2",1.6950284581698953
"A1",0.9899301065980544
"A2",1.066033155338251
"A1",0.8023339847209681
"A1",0.7061886517297595
"A1",0.9071730938450959
"A1",0.16750167848691988
"A1",0.5860503588928498
"A2",1.0205875707152385
"A2",1.1373354055987495
"A1",0.6083819458099242
"A1",0.613771288382617
"A2",-5.006206408877729
"A1",11.310391462871163
"A2",0.9479392082655163
"A1",0.37297824414904146
"A1",0.5697814434081909
"A2",1.2614653032389207
"A1",0.7666145592596885
"A1",0.2320123727065142
"A1",0.3057448846076758
"A2",1.3597703922929965
"A1",0.2042480556088706
"A2",1.2231120563253401
"A1",0.09672171338998203
"A1",0.1964972687312294
"A2",1.7958569777832927
"A1",14.57367488183016
"A2",1.4319199524838389
"A1",0.8373056061842397
"A2",45.798554712948686
"A1",0.7941420373123058
"A1",0.0025974611102614897
"A2",9.451086054071085
"A2",1.5827275176528646
"A1",0.34471008246657364
"A2",1.5506318852262682
"A2",3.0565458425586836
"A2",1.6926909338119716
"A1",0.9589217431698316
"A2",1.3072674447765422
"A2",22.746513250364373
"A2",1.2879487758017556
"A2",1.2049207598422293
"A2",1.2404822842418735
"A2",13.408623025681525
"A2",0.8133897779566706
"A1",0.04335149187308929
"A1",0.0961387911665903
"A1",0.5532636907704735
"A2",0.9180643078976995
"A2",1.4526886716087615
"A2",0.9866709219435497
"A1",0.7014457263345042
"A2",0.9574089919628208
"A2",1.7704251860135638
"A1",0.2542890256638226
"A1",0.1469362423962408
"A1",0.7188820884024183
"A1",0.656556170238151
"A1",0.34762762331115704
"A2",1.7568045069751117
"A2",1.2735334381727315
"A2",1.0323577678163092
"A2",1.2142207847900586
"A1",0.49547142364153984
"A2",1.7370154807937281
"A2",1.6653166909830652
"A2",1.4329150095488272
"A2",1.2538472208279503
"A1",0.8178398339906234
"A2",1.7950562453772
"A1",2.170614497282884
"A2",1.3491503151098219
"A2",1.6686576322529871
"A2",1.565725436685074
"A1",0.24125341960963054
"A2",6.9651078636806005
"A2",1.1785714459045347
"A1",0.6733829224149739
"A2",1.0398777934727303
"A2",1.3886020409613404
"A1",-25.990914426773305
"A1",0.07443898236101543
"A2",-4.7269177995175164
"A2",1.050640348693818
"A2",-6.170484545256887
"A1",0.2570834014362211
"A1",0.15294272654401397
"A2",1.4095424021020078
"A1",0.9846137296940822
"A1",0.9898528818883279
"A1",0.6911405365943271
"A1",0.27184505112445256
"A2",1.6759889842273776
"A1",0.7351808127064967
"A2",1.4989106559016876
"A1",0.36843830478814454
"A2",1.7221846856134437
"A1",0.8467011640887556
"A1",0.1783139170051875
"A2",32.76683649581649
"A1",0.38972053698662634
"A2",1.5755999226313322
"A2",11.638031877829993
"A2",1.5842094896376424
"A2",6.1883377182902635
"A2",1.6808760891445067
"A1",0.03973163122732948
"A2",0.9844157603907702
"A2",1.3701585824878844
"A2",7.426087797287017
"A2",-1.5732975558578568
"A2",1.0808311561314463
"A1",19.783143231807383
"A2",1.2462361900294292
"A1",5.887953750497266
"A1",0.2160430144554628
"A2",1.4219873547899182
"A1",0.4324409239165974
"A2",1.6971062549154163
"A2",0.929927347393406
"A2",0.9419969276152864
"A2",1.1642116306024837
"A2",1.4056937098653224
"A2",1.6474200697566301
"A2",1.613762957702937
"A2",-24.118282564244964
"A1",0.5588361881369106
"A2",0.8380467245897807
"A1",0.24042212878326752
"A2",1.1209553820241362
"A2",1.611976820639995
"A2",1.6565613946202438
"A2",1.7883566269169526
"A1",0.22693396369398688
"A1",0.5737561125423685
"A2",13.379422542505345
"A2",1.0915329114964198
"A2",-4.624671223417243
"A2",0.7303038032679822
"A2",1.1332744265921937
"A2",1.3661152255829552
"A1",0.4284639538295105
"A1",1.8566311890763403
"A2",1.6814830920825623
"A1",0.9763705079466971
"A2",0.8893715196566128
"A2",1.560880608255492
"A2",1.0232436345230231
"A1",0.6806136665133791
"A2",1.4504314189219158
"A1",-3.6983965248699286
"A1",-18.922987339174412
"A2",1.0338201839805818
"A1",-27.489483434991623
"A2",1.7797847934127609
"A2",-18.06411914092898
"A2",-0.7549252536184332
"A2",-34.70490652940724
"A2",1.0428616803185409
"A1",0.20521254363548813
"A2",0.8240140493021113
"A1",0.5311593813764144
"A2",1.7724364191161648
"A2",1.7584587972058152
"A2",1.0264919745498764
"A2",1.5856565198917572
"A1",-34.10570544209213
"A1",-8.886563397002773
"A2",1.4154222263432776
"A1",0.26886380074622984
"A2",0.8262462901941448
"A2",1.1059855084245258
"A2",-5.056922596657314
"A1",0.5644234105022117
"A2",1.4439096741953545
"A1",0.4387869761212837
"A2",1.5168331901154086
"A1",0.5644795685839539
"A1",0.25059155355784
"A1",0.3591065872580621
"A2",0.8347343597142598
"A2",1.5949266229653711
"A1",0.42344465910140805
"A1",0.3123153147668958
"A2",0.8648374587884298
"A1",11.906428020228613
"A1",-14.631881814689496
"A2",1.228788925226364
"A1",0.5729369385749707
"A1",0.8557047795164046
"A2",0.9082120260606807
"A2",1.1525705384055356
"A2",1.7679599225570066
"A1",0.04398124355567501
"A2",-9.508917549233702
"A1",0.36352226093945594
"A1",0.19424760585397904
"A2",1.1032691768613756
"A1",0.04558968716838607
"A1",0.20503846692530336
"A2",0.9496765649693997
"A2",1.7539835256829497
"A1",0.23283917121125453
"A1",0.46955884937380943
"A2",-27.02870383595841
"A1",0.6379431170932977
"A2",1.4005105869625833
"A1",0.2926669275456746
"A1",0.47488520671299694
"A1",0.26072109215911166
"A1",0.42803177755680966
"A1",-14.046997032069788
"A2",13.582573385053129
"A1",0.60126013858175
"A1",0.23678794438468032
"A2",1.186061212692411
"A1",0.9332898938931633
"A1",0.2942421889586675
"A2",-16.858988496377506
"A2",1.272397191186131
"A2",-43.08677120472861
"A1",0.4378325787161639
"A2",1.2493518185172194
"A2",1.7991260293876088
"A1",0.5369878387556735
"A2",1.217863877409792
"A2",0.901547506021982
"A2",1.641697979453461
"A2",1.6607920117159214
"A2",1.5497984665475533
"A1",0.18438523210864322
"A2",1.7935038322349806
"A2",1.1762283762191215
"A1",0.06938046657825425
"A1",0.7326840067786164
"A1",0.9951773950489158
"A2",1.2356987171965639
"A1",7.94221892530589
"A1",5.1125983926236165
"A1",0.5741543412090209
"A2",0.9667238327653447
"A2",1.273045105414196
"A2",-29.13155736948717
"A2",0.8545037407676646
"A2",0.8912547255800427
"A1",0.45742836175132595
"A1",7.822770143466935
"A1",0.7286033158035732
"A2",1.1002347438960554
"A1",0.4646191565113451
"A2",1.1004740258233092
"A2",-30.78795872674781
"A1",0.1362569421586981
"A1",0.5124912442343694
"A1",0.18627199691415774
"A2",1.0195084765061422
"A2",1.797805921545956
"A2",0.854738488790121
"A1",0.16315154255931086
"A2",1.4129358418093427
"A2",0.9203176680211937
"A2",1.087084812862478
"A1",25.777393192630807
"A2",1.5123503022708444
"A1",0.42439803296205936
"A2",1.7063267391095784
"A2",1.1239026556514387
"A1",0.048333147526254505
"A2",1.366866541885533
"A1",0.5996676425552436
"A2",0.956019443250929
"A1",3.193563740409189
"A2",3.770600938081622
"A1",0.40021018074911985
"A2",-0.15687641253401785
"A2",1.182138949755585
"A2",1.0291376877133651
"A2",1.6684629158710484
"A1",0.026937531343613097
"A2",1.3940317478783706
"A1",0.5608068792410212
"A2",0.8839262103794783
"A2",0.9994953213076245
"A2",1.1384754984478516
"A2",0.9662733506545045
"A2",38.160724901151646
"A1",0.050710616556704835
"A1",0.9468593290571208
"A1",0.6800783348234234
"A1",0.206959679561862
"A2",1.3880641670584741
"A2",9.925450705045009
"A2",1.2255496285028218
"A1",-2.0287672795416896
"A1",0.507811926413396
"A2",1.2668967987791615
"A2",1.6424459115833125
"A1",0.7941912682103938
"A1",0.797640585735143
"A1",-36.88170958428632
"A1",0.46405515236932304
"A2",16.078861830125508
"A1",13.219223186323541
"A2",1.6622751864592655
"A1",0.5823651679048265
"A2",1.6993846144129559
"A2",0.8609345890078066
"A1",0.762466882112323
"A1",0.744822610055837
"A1",8.189800781172309
"A2",1.4336014032289313
"A1",0.05791789883368614
"A2",12.216738619027131
"A2",1.3621672788789922
"A1",0.2580138003112098
"A2",-12.027464053731041
"A2",1.711403521970632
"A1",8.821713748969461
"A1",0.13537517302122737
"A2",1.5428615799911825
"A1",0.8155427702107054
"A1",0.8339069263147221
"A2",1.0194128365908928
"A1",0.9042550305899655
"A1",0.010419513536840785
"A2",1.7071908532550921
"A1",0.8956290835721257
"A2",0.964935925586901
"A1",0.13736795983850403
"A1",0.6387640652425792
"A1",0.26951579332091025
"A1",0.7650101228023372
"A1",0.5849065764033423
"A2",-16.974900814458277
"A2",1.0086526365444117
"A2",1.5334398966512914
"A1",0.5022214426700526
"A1",0.15161005019194218
"A1",0.9919212676888605
"A1",0.543028328591256
"A1",0.32625563694938253
"A1",0.3262274201421509
"A1",0.9802252532730313
"A1",0.46165072516258077
"A2",13.317897873026807
"A2",-5.065663114373525
"A2",1.4973556036603624
"A1",0.5738066045074872
"A2",1.1095509638700842
"A2",27.647268547206338
"A2",0.9025939573709116
"A1",0.7782777700223344
"A2",24.036993808435522
"A2",1.25507101819739
"A1",0.4585607196392478
"A2",0.9835458334367619
"A1",-5.808308756898278
"A1",0.435992864619553
"A1",0.48993264176323925
"A2",-32.839767536984084
"A1",0.7921951317967209
"A2",0.9899999512561077
"A2",6.479513231308647
"A1",0.2625778109568231
"A2",0.9785004357941136
"A2",-9.99457910694323
"A1",-37.944394090051816
"A2",-30.13536306003037
"A2",14.582153645579396
"A2",6.646685354231139
"A2",2.306588354742418
"A1",0.8272178729330517
"A1",0.7258596942722497
"A1",0.35535328711017433
"A1",-5.046302843260822
"A1",0.4008999083947542
"A2",1.4233778811100324
"A1",0.08344344382652014
"A2",0.9826380981300677
"A2",1.204962501988401
"A2",1.1160477701687976
"A2",1.7138684039154441
"A1",0.49280595380755043
"A1",-15.236875183117283
"A2",-17.838556974772512
"A2",0.9677005157247567
"A2",-8.84805462787853
"A1",0.3500625260967598
"A1",19.366155137965112
"A1",0.5918060368437361
"A2",0.9123749200078966
"A1",-49.00793635163237
"A2",5.237529168518184
"A1",0.43013113510154843
"A2",1.3611418857955366
"A2",1.07300477849126
"A2",0.969853845668448
"A2",0.9007615945980796
"A2",0.9643409576059345
"A1",0.07361458902127094
"A1",0.9533992191422278
"A2",1.1607035074188434
"A2",50.17843478982272
"A2",1.0870317144645987
"A1",0.17424084478354662
"A1",17.01905919725998
"A1",-35.68570492942808
"A1",6.236557966957004
"A1",0.3025709411120383
"A1",0.7922074323308592
"A1",0.9345475046909337
"A1",0.45436630321918137
"A1",0.8648791853164035
"A1",-22.53523897530422
"A2",0.823923043026918
"A2",1.481988823768937
"A1",0.039043326434936354
"A1",0.2038683196835971
"A2",1.0976918832573535
"A1",0.016392118754583684
"A1",0.8381293429642714
"A1",0.11587473795379322
"A1",0.251002886830064
"A2",8.069747436129564
"A1",2.029867941826115
"A2",-13.33034404460417
"A1",0.3590361075995818
"A2",1.3617014781929622
"A1",0.7512695878378284
"A2",1.61263720423621
"A2",-10.125575123285106
"A2",-42.94067441193585
"A2",1.6607462895815297
"A1",-24.089230974542865
"A1",0.9623057318577741
"A1",0.5132201516590611
"A1",0.8784983196633187
"A1",0.03805722725335303
"A1",0.4881781572188706
"A2",1.5421847782994909
"A1",0.8637460068100591
"A1",-0.5050046768416017
"A1",0.7607074274546124
"A1",0.8470041407149829
"A2",31.726570801903446
"A2",-23.633638684105716
"A1",0.302853313019642
"A2",1.5511016589493936
"A2",1.4721195180782376
"A1",0.012095214059212767
"A1",0.8392889718688072
"A1",0.8824201072100915
"A2",1.1920004972689913
"A2",0.8500281041532445
"A2",1.2903502917459628
"A2",0.8882245405163445
"A1",0.5149572897147754
"A1",0.07803170663970938
"A2",1.550919995367684
"A1",0.5208399993462522
"A1",0.2652673641093939
"A1",0.8660958272281796
"A1",0.9529185792414825
"A2",0.8440758494680294
"A2",1.5485319245027496
"A2",-7.556662323434664
"A2",1.4745045653628246
"A2",1.324180019924827
"A2",-7.226123043529622
"A1",0.7549726772641583
"A2",-2.4228480023878527
"A2",1.1276204496500115
"A1",0.6072600048676768
"A2",1.2836966929979703
"A1",0.06440016603999044
"A1",0.6011116833844194
"A2",-17.508338743519538
"A2",1.0066354532389892
"A2",1.6450332038615993
"A2",1.1065956897763602
"A2",0.8112164864938993
"A2",1.3926167522450752
"A2",-19.865452708238013
"A1",0.5646829314012698
"A2",1.176548820047306
"A2",1.677217860133993
"A1",0.23419302378199802
"A2",-4.986174736158068
"A2",1.356126233102282
"A2",1.1871993165882797
"A1",0.48968188990573563
"A2",1.6606114965002097
"A1",0.6386076348934124
"A1",0.4194529558373705
"A1",-54.291087532230335
"A1",0.6261217202101721
"A2",0.8338429521183168
"A1",0.8805957896973562
"A2",-8.057053652905156
"A2",1.477897546749937
"A1",0.402190132326129
"A2",1.2029237213221282
"A1",-17.744655603650255
"A1",0.30346443200143214
"A2",1.0873479389618859
"A2",-13.077931587005743
"A2",1.6911991937632354
"A2",1.094018095299182
"A2",1.249175635073784
"A2",1.313972098353062
"A1",0.10190791608728844
"A2",1.6208635292697895
"A1",0.6200387872548465
"A2",0.8331389029076648
"A1",0.45720493956054375
"A1",0.32089005466874054
"A2",1.7162074287304432
"A1",0.107045536957032
"A1",-7.208603222457832
"A1",0.8810226165400992
"A2",-10.599326497159641
"A2",1.2524173620271866
"A2",0.9138880135467249
"A1",0.39455188259625174
"A2",1.4786553651518044
"A2",0.9028732752901631
"A2",1.121124850416811
"A2",1.781157779419014
"A1",0.5407683972013062
"A1",0.9992310321053264
"A1",0.5806765020587938
"A1",0.12495665006624779
"A1",0.4532177236831343
"A2",1.7209810395227731
"A1",-5.974424688175773
"A1",-4.026898326732777
"A1",0.4926492137836238
"A2",1.2958229785154531
"A2",1.3420431658865861
"A1",0.34461630448322245
"A2",0.9983522618978282
"A2",27.45918307207107
"A1",0.755426593151574
"A1",0.7156172300422288
"A1",0.4322380416359095
"A2",5.971523694958779
"A2",1.5524665564387992
"A2",1.014376072803339
"A2",1.1334920022044368
"A1",0.17561314372531234
"A1",-30.568838000637566
"A2",-9.277110344931591
"A1",0.9913074717010262
"A1",0.0066979500570629735
"A2",1.6171319930815302
"A1",0.9143587534021023
"A2",1.7973814892397149
"A1",0.24565520155478326
"A1",0.26883933540907967
"A2",0.8405111048061991
"A1",0.7364889668419716
"A1",8.536853753398251
"A1",18.601306041175345
"A1",21.15173693494459
"A2",1.5097824604504635
"A2",1.050159993065939
"A2",-27.546839775822868
"A1",11.554619948371391
"A1",-14.88064329284386
"A2",1.37318959395219
"A1",0.48331007000336523
"A1",0.07176477078994337
"A1",0.9241940342276163
"A1",0.06317324225491161
"A2",1.341219970806297
"A2",1.2931045992416517
"A1",-1.1282716581116377
"A2",1.0942126637019436
"A1",0.23243393755000197
"A2",1.6281563528823817
"A2",1.536530495548439
"A2",1.3518581740808877
"A1",0.368141104687572
"A2",1.456008005426762
"A2",0.9403403569724484
"A2",0.801057852735233
"A2",1.4966048525145226
"A2",1.5145654590826676
"A1",-3.665624190278804
"A2",1.4144883231193708
"A2",-11.813492594910148
"A2",-36.60133538679307
"A2",-14.744278316781497
"A1",0.9556248278732815
"A1",0.8752827134431143
"A1",-16.70010015580925
"A2",1.2830254898909728
"A1",0.7952388520238396
"A2",1.0411838190199132
"A1",0.09213445349306504
"A1",0.7913960954502137
"A1",0.9256925381857957
"A1",0.2535597407923942
"A2",1.511902789791637
"A1",0.8312340880700548
"A2",1.2331857853097385
"A1",0.4201740422164828
"A1",0.433958776366169
"A2",1.1714001676341654
"A1",0.373937538756413
"A2",0.9965739221745711
"A1",0.043804426981497224
"A1",0.33653037580359246
"A2",1.581310350398279
"A2",0.8980508663471158
"A1",0.7190676692527651
"A2",11.488368898492743
"A1",0.7072329185294175
"A2",1.7405090797713891
"A2",4.261139816590284
"A2",1.6501090639837304
"A1",-38.82130854953002
"A2",1.3800288962029803
"A1",0.07704522907641609
"A2",1.125734609823681
"A2",1.2217293922259236
"A2",21.4451523316516
"A1",0.7016241445019611
"A2",1.0960347959610603
"A1",0.14227907585156552
"A1",0.33598954120767344
"A2",6.140727809987919
"A2",7.767547146469701
"A2",1.7742081848315545
"A2",18.035579347272645
"A2",1.1415145231026593
"A1",0.2788740009963424
"A2",0.9529286191257114
"A2",1.781389404818455
"A1",0.4517416638849967
"A1",0.23429220509034931
"A2",1.7069589855538454
"A2",1.2447989572642983
"A2",25.592181787492994
"A1",-6.2160111411848495
"A1",0.6889475180067886
"A2",1.1113280294774672
"A1",0.4487747529579824
"A1",0.5600551360135113
"A2",6.5569320188151625
"A1",0.9676038422909032
"A1",0.36128896215995265
"A2",11.173872061503017
"A2",1.4804057023943498
"A1",0.024096433100849968
"A1",-5.282693038308702
"A1",-8.709948631569866
"A2",0.9267209977442563
"A1",0.17296685923199218
"A1",0.986938893235237
"A1",24.441444699974035
"A1",0.9252486133900193
"A2",0.8358896201785904
"A2",-5.757959627096986
"A2",1.5486791552335986
"A1",14.536210263299541
"A2",0.8998295977566706
"A1",0.7320414102619688
"A1",0.13287858867568803
"A2",28.448666979444354
"A1",0.5705591877697074
"A1",3.7999892096635635
"A2",1.0441301396481006
"A2",1.0430307086566053
"A1",0.09003055852480712
"A2",0.421872496912332
"A2",0.9234919199759251
"A1",0.32845746456924907
"A2",38.3441394729126
"A2",1.3343139850128372
"A2",1.1385456000778165
"A1",0.9686942373702754
"A1",0.6862018174451932
"A1",1.8610297499045918
"A1",0.4876006093465106
"A2",7.129444830649626
"A1",0.9497627218515763
"A2",1.7620541599412844
"A1",0.7348807453636275
"A2",22.532096503264345
"A1",0.6942227933961165
"A2",1.0673351898082486
"A2",-34.54769044810863
"A2",1.1175807194257636
"A1",0.1160551998973045
"A1",-0.7604852010416895
"A1",0.7499813654403609
"A2",8.377236069907406
"A1",0.04673059590934514
"A1",-26.220270912012136
"A1",0.4462303135207659
"A2",1.2322016558530577
"A2",13.142442079578121
"A1",0.13229698204725127
"A2",1.103849304956121
"A1",0.09684413665165836
"A2",1.174323318503828
"A1",10.431120097883126
"A1",0.4131736024249548
"A2",1.7583339606931396
"A2",-11.468735419909166
"A2",1.5866639605961654
"A2",9.13782522065438
"A2",1.5030532422519143
"A1",0.9729519731581793
"A2",1.4004129503094702
"A2",1.1248548682210868
"A1",0.026589214464628252
"A2",0.8808449816801849
"A1",0.6563728163960085
"A2",1.717191625679504
"A1",-11.52452301087121
"A2",1.2260673516373537
"A1",0.9988386087659822
"A2",-18.604121967841014
"A1",0.661069808361652
"A2",1.7603934262581624
"A2",1.665158383456563
"A2",1.5551068126862353
"A1",0.38190113582080465
"A2",1.4055954326532678
"A1",0.3960153251981178
"A1",0.8447772827436222
"A2",-33.8488008528179
"A1",0.544526226728016
"A1",0.9841735702595329
"A2",1.6148209672619949
"A1",0.6565029061692158
"A2",1.1908571131160581
"A2",-24.89159401934536
"A1",0.8256679629112602
"A2",1.1905878725787142
"A1",0.4881380905345938
"A1",0.2670555131753716
"A2",1.6452762174193378
"A1",-19.968418332067415
"A1",0.009867309976583138
"A1",0.7604643110798199
"A2",1.010375610305816
"A2",1.4246507524793166
"A1",0.6973222651420499
"A1",0.0085400433597429
"A1",0.8747551740378361
"A1",0.5436371125565813
"A2",1.1188127734868658
"A1",-2.3715285525687886
"A1",0.4563181707376722
"A2",1.6044303061177048
"A1",0.9501902145538081
"A2",0.8646266608337789
"A1",0.3203254547540322
"A1",0.1302219121080539
"A2",1.1408066065472795
"A1",0.9383008879592472
"A2",1.7493534875138081
"A2",1.5557976446078894
"A1",0.5260496182504895
"A1",41.38482371384011
"A2",1.6316263533506958
"A1",0.9219031645038236
"A2",1.1793703101986566
"A1",0.0999827488603433
"A2",0.8030517578018017
"A1",0.662246040859616
"A2",-40.09829734461616
"A1",16.994727721567166
"A2",0.8069536959808896
"A2",1.2838641634855772
"A1",0.1805317310828467
"A1",3.988703296134039
"A1",0.24445768017489544
"A1",0.47778554240593873
"A2",1.3454512756978643
"A1",0.6136940035128087
"A1",13.219960041426752
"A2",0.926602451913924
"A1",0.5133769443890142
"A2",1.045536673853853
"A1",0.04616879414788766
"A1",0.5867565238289267
"A1",0.6830299529775532
"A1",0.34064287703597707
"A2",0.8848531379482039
"A1",1.187264468556036
"A1",0.7163834857469702
"A1",0.43525510547799073
"A1",-32.836951409122946
"A1",0.5440106078410343
"A1",0.40272781065019814
"A2",-10.522892453143093
"A2",1.6041915865937504
"A1",-0.25629072552874455
"A2",1.120465053080803
"A2",1.4413722627491972
"A1",0.5335140688662339
"A1",6.6735208657776575
"A1",0.30593097350328646
"A2",1.687916537425338
"A1",0.9830448149375679
"A2",1.7911305122494232
"A2",1.3282606214491968
"A2",1.3819060914472143
"A1",0.12094812612075345
"A1",14.390939729290542
"A1",0.01866801091444037
"A2",0.8811108517067314
"A1",0.3948851000166689
"A1",0.16840489634316436
"A1",0.9594210310949822
"A2",1.35781467610832
"A2",1.341097205626488
"A1",2.4200062562566367
"A1",0.3314926355235852
"A1",0.8075953286603752
"A2",1.4846848233187637
"A2",1.4519433745467183
"A1",0.6832413304913636
"A2",1.7592431026741056
"A2",1.2996072459872268
"A1",0.03860099109976822
"A2",0.9194132056008986
"A1",14.929096123027819
"A1",0.3555358552194652
"A2",1.2668036780178877
"A1",0.02723546627004514
"A1",-17.045099918410834
"A2",0.9325653471090112
"A2",1.564887169100741
"A2",0.9454959357826793
"A2",0.8264203253903157
"A1",0.6937816639722323
"A1",0.3396753551332885
"A1",3.542756472989206
"A2",34.44113430987947
"A1",0.6071244912101608
"A2",-5.978123511210522
"A1",0.027802252778563297
"A2",1.4378300395851857
"A1",0.36783741143956106
"A1",0.14920808843498534
"A1",0.4720836913172135
"A2",1.2148040853378386
"A1",0.5946994655461655
"A2",-15.737539506451439
"A1",0.8037999629000765
"A1",0.7416721237551371
"A1",0.7305921010952885
"A1",24.75897609290998
"A2",1.1890195833082857
"A2",1.3528514026441056
"A2",1.4642051504888791
"A1",0.9154025506068879
"A2",1.4424861105190994
"A1",0.5840819936511406
"A2",0.9050695542669265
"A2",1.156111882504333
"A2",1.7479690084646344
"A1",0.1396629121024393
"A2",0.8192111117860681
"A1",0.5767922547784485
"A1",0.8855507475604472
"A2",1.1314503742801267
"A2",1.4640936645898495
"A2",1.465027187204903
"A2",-3.296975314274517
"A2",-2.0407749456312514
"A1",-20.05049809481147
"A2",1.3714046999494198
"A2",1.4269765188357446
"A2",-12.069010655235257
"A1",0.9250519794484464
"A2",11.130438854611576
"A1",0.733222907475642
"A2",1.3928902041115758
"A2",0.9407775893533428
"A2",1.4575547424197197
"A1",0.23975658872709693
"A2",1.1704289091815778
"A1",0.6392735490274144
"A1",0.18883750624247475
"A2",1.7879574859902723
"A1",0.7113711887145089
"A2",1.242500886221656
"A1",23.908814519392845
"A1",0.6877083554920946
"A1",3.5710050663296116
"A1",0.7596779743437947
"A1",0.3039790373631306
"A1",0.06524888323037281
"A1",0.7225511365540935
"A2",1.2005003413192228
"A2",0.8819087758061113
"A2",0.9466945100998001
"A1",0.1356385651618539
"A1",0.19231195521491884
"A1",26.398607272527478
"A2",0.8146914908079603
"A2",1.5387001393375979
"A2",1.0437815136070057
"A1",0.2968239497113492
"A2",1.6971751107738344
"A2",1.6918097117851219
"A1",0.6554107150875157
"A2",1.20852706380811
"A2",1.6218151707193151
"A2",1.63197847490735
"A2",1.468342056239907
"A1",0.6806265513925234
"A1",0.5124433423119894
"A2",1.5659608177223538
"A2",1.1782290832674605
"A1",-19.2307463699194
"A1",8.519509096538224
"A2",1.2096211574896663
"A2",-32.93122538511184
"A2",3.512396156847625
"A1",13.155637774814641
"A1",0.816366658953217
"A2",1.1309164179615645
"A2",1.4505791847363756
"A2",1.702359041405407
"A1",9.523936193993451
"A1",0.056915003090081795
"A2",-15.835183764892465
"A1",0.4135730415080141
"A1",0.4325788168756133
"A2",1.498317891766337
"A1",0.9507028191710898
"A1",0.5444843532868775
"A2",1.7853358587223378
"A2",1.052384715694736
"A2",0.9007308333465343
"A1",0.033128137080788544
"A2",1.2862940394679099
"A1",2.0768152297514995
"A2",1.092313312154622
"A2",1.5354837817898246
"A1",-1.2116748330341867
"A2",0.9313697125276255
"A2",44.27546844828042
"A2",1.1686667641673185
"A1",-6.966600014752952
"A2",1.707195113734213
"A1",0.647347928500835
"A1",11.822107639935274
"A2",1.7286810908986647
"A1",0.6989826629400906
"A1",0.3397741394483469
"A1",0.9500272465947868
"A2",-18.120799386461062
"A2",1.4054394520877873
"A1",0.6848372769618984
"A2",-37.03721239358006
"A2",3.2280487554642976
"A2",1.5384202119521941
"A2",-40.57364051029414
"A1",0.8852545896104689
"A1",0.525181947019685
"A2",1.5100935310999095
"A1",0.9619132422146108
"A2",1.7117553596980466
"A2",1.300594035270403
"A1",0.12477546702839337
"A2",-16.446847226856782
"A2",1.606763446885135
"A2",1.7583553511492935
"A2",1.7046331776290475
"A1",0.4340281337837901
"A1",0.7954732932540212
"A1",0.33949584141014477
"A2",1.3797031262747732
"A1",0.38983488995654114
"A1",0.5544592216163005
"A1",0.24289963721422447
"A1",0.5592048766988154
"A2",1.4969646829449474
"A1",0.5402224635452264
"A2",0.8319087075766085
"A2",1.187883048018589
"A2",1.757862532105634
"A1",0.9435495174413431
"A1",0.740610766182122
"A1",0.39450760855429956
"A1",0.45898317688029344
"A2",1.634908707575596
"A1",0.9144348462919729
"A2",1.7766398028271995
"A2",0.9731964340229706
"A1",0.9790927699033658
"A2",1.5331574093423481
"A2",0.824897722965322
"A2",1.0098392606213495
"A1",40.80685466094589
"A1",0.8740404581905634
"A2",3.334588185436477
"A2",1.7370695255845594
"A1",-30.965713116330765
"A2",0.9448296312225593
"A1",0.3744400492744142
"A1",0.7274372053471809
"A2",-13.13236464798532
"A2",30.825319697985176
"A1",0.7748310712251503
"A2",1.5586904622306141
"A2",1.241818893127972
"A2",0.9112016625385781
"A1",-12.982761599988661
"A2",1.783546570471205
"A1",0.8934032837388359
"A2",1.263850780986952
"A2",0.9774543290300446
"A2",1.2822851966627085
"A2",1.7961471072125053
"A2",1.7473793630590375
"A2",1.6677476662134858
"A1",0.9201555416454279
"A2",-3.6127910623206274
"A1",0.7402316777615239
"A1",0.6752326099611163
"A1",0.7107067470836284
"A1",0.1998770630985749
"A1",0.5152337905176425
"A2",0.912234396151395
"A1",-20.267556206269546
"A1",17.800960022881274
"A2",1.7345729395391478
"A2",1.5177723294822878
"A1",0.10119180511697956
"A1",0.35376348798199375
"A2",1.1161901925628408
"A1",0.07130610216907907
"A1",14.759007893392777
"A1",0.11196625054390852
"A1",0.0901908573047685
"A2",1.456284994734617
"A1",-27.51483976417564
"A1",0.25533145758007403
"A1",0.03033083561371397
"A1",0.371887614245606
"A1",0.6800687437551947
"A2",1.5373348354411518
"A2",1.5091082541380605
"A2",1.6395094311910077
"A2",1.4523925551493668
"A2",1.0392398537005387
"A1",0.25069008071370913
"A2",1.6573723564387313
"A2",-27.073328463888487
"A1",33.08277781780727
"A1",17.02202537941946
"A1",0.5775412928754651
"A2",1.2557980246570752
"A2",1.1524109975210746
"A1",0.13497857181641693
"A2",-2.3530695951168643
"A1",0.0822129083485561
"A1",0.24073345879550878
"A1",0.9885303412815316
"A2",-0.2533952428509534
"A2",1.3404511910363608
"A1",0.13388199894134134
"A1",0.7792277651273112
"A2",-22.621340231737353
"A2",1.777963590898443
"A1",0.49068255219926016
"A2",0.8456236018117629
"A1",0.763472537082156
"A1",0.4194757397150395
"A2",0.815133635255757
"A1",0.8123826251604624
"A1",0.21162237104455794
"A1",0.5898512854499949
"A2",1.205082466950803
"A1",0.61858539103786
"A1",0.4422202953090524
"A1",0.33678113442542457
"A2",1.2182172870720769
"A2",0.853918730429263
"A1",0.27467149478422237
"A1",8.253031244692497
"A2",15.229748141272017
"A1",0.38985927302115364
"A1",31.426248892592245
"A2",1.3882003423002525
"A2",1.1645931511215286
"A1",0.3720230173773027
"A1",32.25411303124009
"A2",-37.93667770296186
"A1",0.024564850400238036
"A2",-10.772493356846432
"A1",0.4361011669080501
"A1",0.4464757361940417
"A1",0.7506922065813362
"A1",51.064568221063844
"A1",-37.96838077802123
"A2",1.7592705129846344
"A1",-11.857766482380454
"A1",0.6554449233876092
"A2",0.9816829452728777
"A2",-22.065467195829804
"A2",1.1390072550116224
"A1",0.774914285315091
"A1",0.02894067069860995
"A1",0.5826918961465615
"A1",0.8598390222222776
"A1",-12.779641105185444
"A1",0.8814581827370753
"A1",0.029645495951590384
"A2",1.4523337897624398
"A2",7.0816819800744435
"A2",0.8903863860492609
"A1",0.41711625075582126
"A2",0.9459362741639803
"A2",8.655501390751141
"A2",1.7819062345361163
"A1",0.7552306995761653
"A2",1.3523160222138977
"A1",0.4759528954686225
"A1",0.7022328520096299
"A1",0.1533696854476263
"A2",0.8205405590241022
"A1",-4.374638661340983
"A1",0.2747781076807332
"A1",0.03068356087281532
"A1",0.9351629439289435
"A2",1.7775802729743062
"A1",0.7247925135714517
"A1",0.6755150423454457
"A2",0.884248563329247
"A1",0.5291210478147825
"A2",1.6053604886688413
"A2",-8.74318232896555
"A1",0.8121419513275354
"A1",0.6495089815258628
"A2",1.36439362158407
"A2",1.4272068104308961
"A1",-10.088764520488612
"A2",1.7208052106365956
"A1",0.17548365799956578
"A1",0.020687623087110474
"A1",0.6183619348258289
"A1",8.520418758163085
"A2",3.0241867217888077
"A2",1.446987657168854
"A1",21.632067559054246
"A1",0.24989005510715345
"A1",0.3446802689998447
"A2",1.677513368162327
"A2",1.3271245970876049
"A2",1.2259592354478595
"A1",18.090073838592605
"A1",0.7900898091611639
"A1",0.17073246943762066
"A2",1.5159497828063129
"A2",-12.405968097196276
"A2",1.2458717386565392
"A2",1.3738852315312353
"A2",-24.631903288593648
"A2",1.7868220597871383
"A1",0.23040215991028523
"A1",0.471012272628764
"A1",0.6524214665593511
"A2",-17.821932227943304
"A1",0.8587838463661792
"A2",-2.4223438604348835
"A2",0.9171868613397403
"A2",1.2618542254169485
"A2",1.0401866682483893
"A1",0.6490087491692855
"A2",1.4229796892745665
"A2",1.02699723355098
"A2",1.5802911805477573
"A1",-16.553272851435118
"A1",0.685698949485515
"A1",0.34090032317405994
"A1",0.04109702041977248
"A2",1.7345955409981388
"A1",0.8416754736332483
"A1",0.09100814266708546
"A1",0.04219218432486338
"A2",1.3021241352150237
"A2",0.9782422106224142
"A2",0.8393050713031167
"A2",1.5972568555361832
"A1",0.8557486570276751
"A2",1.631203464451772
"A1",-12.175989039871258
"A1",0.6281995290682076
"A1",18.205722029410428
"A2",1.7350909945047936
"A2",1.1161245011370247
"A1",-7.344919967730446
"A1",0.6517983911645306
"A1",0.31284745198617636
"A1",0.9068846327032145
"A2",1.2769932292820902
"A1",0.2578055407217681
"A2",6.750783258040903
"A1",0.8065584425709225
"A2",1.6751458437579956
"A2",40.14852495894008
"A1",0.0007427707778298043
"A1",0.6314503187833271
"A1",10.04775728209551
"A1",0.15055176041201324
"A1",10.055374125427873
"A1",0.9491090036694649
"A2",0.8712480464373902
"A1",4.819912800447015
"A2",1.0290525193284827
"A1",0.8232041607722211
"A2",0.9388206648567265
"A2",0.828780712385913
"A1",0.004739356516254789
"A2",1.461478531896996
"A1",0.3121193906184243
"A1",4.612111113376708
"A1",0.5746110728957339
"A1",0.518049518062011
"A1",0.17966858548209497
"A2",1.3340573280917087
"A2",1.106626211208318
"A2",8.680474079843485
"A1",0.16775110661057702
"A1",0.8807970931302487
"A1",0.9055986533804146
"A1",0.2277331815091348
"A1",0.19139823212550877
"A2",0.8753619761141818
"A2",1.1337248841960557
"A1",0.728118309057268
"A2",1.7154498784006884
"A1",0.5101034038815608
"A2",0.8427751884342525
"A1",0.34847782372044245
"A1",0.8310383849125829
"A2",-23.11008436495279
"A2",0.9182874318668759
"A2",1.4639891144275112
"A2",1.4606755512843825
"A1",0.9884975585277442
"A1",0.2992401716688584
"A1",26.725315940623556
"A2",1.771586260589259
"A1",0.5027210605061676
"A2",0.8850383495100722
"A2",0.9282163182758068
"A1",0.9703163412861435
"A2",1.6345336603714669
"A2",1.2208229270132036
"A2",7.984564381975793
"A1",0.5088422138106383
"A1",0.8581296649407495
"A1",0.5676368484923879
"A2",-1.6229467691469222
"A2",22.624609724555945
"A2",0.9742255480904074
"A2",1.5992246027693793
"A1",0.23681429214461613
"A1",0.1323025248206351
"A1",12.721563495538131
"A1",14.720561732539762
"A2",1.6311239076208308
"A1",0.050737088261687546
"A2",1.1650516457970632
"A2",0.8629257562360206
"A1",0.44256365411993226
"A2",28.68569659033125
"A1",0.5417501210391877
"A2",1.1636793819307416
"A2",1.4809311405549845
"A1",6.268725210408426
"A1",0.7587114753617781
"A1",0.5707856770313255
"A2",1.2811634336673234
"A2",1.0034066798993644
"A1",0.10832570078082893
"A2",1.1490737677581953
"A1",0.6174802283520955
"A2",1.410073525029765
"A2",0.9204433436762072
"A2",0.8167555610802142
"A1",30.100761798266667
"A1",0.2259124337745182
"A1",-15.055350005012116
"A1",19.18423977401101
"A2",1.3860800592686293
"A1",0.5774677420027867
"A2",-37.24368408275946
"A2",0.8438752075774976
"A1",0.44227633942854516
"A1",31.846311364418245
"A2",1.3121482476291855
"A1",0.4098360055244974
"A1",19.830530187958956
"A1",0.2017948788486661
"A1",0.5576736011514589
"A1",0.7151439810140154
"A2",9.365960712845345
"A2",1.633567151432361
"A2",1.4929328518455747
"A2",1.7529693013841952
"A1",-33.46434983416957
"A1",0.7597850200313778
"A1",0.5977555973214808
"A2",1.1608711509870775
"A2",18.960882205943964
"A2",-10.124621720557222
"A1",0.3957321243799501
"A1",0.0913626740451583
"A2",0.9202145986654418
"A1",0.9306410955829874
"A1",0.4044062558692141
"A1",0.022671602570203397
"A2",1.7237166268906856
"A2",-0.9280797849504636
"A1",0.1596072853717605
"A2",1.2768926216314511
"A2",1.739844998777789
"A1",0.5757236427308965
"A2",1.2302032285562234
"A1",0.8476732658088746
"A1",0.1957676155376742
"A2",1.157829160510764
"A2",1.4416593967360711
"A2",1.120180055306773
"A2",0.8343460150557873
"A2",1.0516942493007742
"A2",20.688029325156858
"A2",1.7901453006890455
"A2",0.866433245059117
"A2",1.4002725679881503
"A1",0.4398079829953623
"A1",0.5285109238943628
"A2",1.6448790916943339
"A2",14.157099981189704
"A1",-17.9532537948085
"A1",0.6239270450771941
"A1",0.40978315255950837
"A2",1.2300094404447774
"A1",0.9623797978102584
"A2",1.4360190251694376
"A1",0.42935735112530504
"A2",1.6741634629630617
"A1",0.924136686442935
"A2",0.9634100083449717
"A2",1.2747881597729191
"A2",1.124760288539305
"A1",-8.012273158904302
"A2",0.07466987121125168
"A1",-34.97648668784223
"A2",1.3957563061996847
"A1",0.3709303433436897
"A2",1.614332293048665
"A2",1.1031127324496146
"A2",0.8794048624807564
"A2",1.612037082244714
"A2",8.210445192060517
"A2",1.0943893917488923
"A2",5.991916289143933
"A1",0.3918690583720703
"A1",0.9976702278520593
"A2",-27.53461296818629
"A2",1.200950569474817
"A2",-28.796291540194645
"A1",0.1391674084114809
"A1",0.9988785767445674
"A2",1.7582515513748165
"A2",1.529750631122988
"A1",0.6756650125968346
"A1",0.8136092948740876
"A1",0.5643911638254773
"A2",1.7628133701355306
"A1",0.18879212538664092
"A1",0.2577210292037959
"A1",0.25536712089273994
"A1",0.36769207653730684
"A1",0.6883038032960316
"A1",0.16719340052159293
"A1",-5.133212876999369
"A1",0.34589002009360525
"A2",1.3578042550199099
"A2",0.9361692785342826
"A2",1.5052180247806075
"A2",1.0207076514168234
"A1",0.6546800773481047
"A1",0.3275239327389965
"A2",1.1126813766467947
"A1",0.78428062548767
"A1",0.8600743428658266
"A2",1.6366899169387366
"A2",1.286980529435085
"A1",-53.02636217653693
"A1",0.7960683603116061
"A1",0.6263945006684686
"A1",0.22608513743697456
"A2",34.559767325765506
"A2",0.8447025137705846
"A1",0.957564018847987
"A1",0.0004740405790588653
"A1",-7.203187085549904
"A1",0.4011213075046074
"A1",0.8140768617956875
"A2",1.7129168368678374
"A1",0.5808143202813028
"A1",26.482381649720327
"A2",1.3904663532991297
"A2",0.8460003486063794
"A1",0.5905075167703417
"A1",0.4608475358921713
"A1",0.11800989547736629
"A2",0.9471906578377047
"A1",0.16489610442280211
"A1",0.7866974985799686
"A1",0.300814503122504
"A2",1.496629969205768
"A1",0.6375783053163211
"A2",6.754863271817991
"A1",0.8877538287916804
"A2",0.8071571838274549
"A1",4.592835839379855
"A2",1.1936150940967678
"A1",0.2792568378154652
"A1",0.7828074232879552
"A1",0.4241510210080808
"A2",1.3773485614996852
"A1",0.7307616199899594
"A2",1.1106775053050641
"A2",3.882227312807067
"A2",0.9109630192196123
"A2",1.411044417526871
"A1",-13.005178001018766
"A1",7.834704933479625
"A2",9.969154656148472
"A2",1.0145218368801643
"A2",1.10981040081772
"A1",0.3527925940735721
"A2",0.9431057370928095
"A2",1.553787113978118
"A2",1.0573539809765877
"A2",1.4209200814485838
"A1",0.11961603688419498
"A2",1.7567736646155123
"A1",0.1324680822302322
"A1",0.32851164455900705
"A2",1.5033860106576713
"A1",0.7271685200512426
"A1",22.49918834359402
"A2",0.911940485988536
"A1",-22.256249448815172
"A1",0.45182902629189936
"A2",1.329288796140361
"A2",1.3662866759486207
"A1",0.03114721029191414
"A1",-7.4331746817443
"A1",-2.6565060930281126
"A2",1.324798313889656
"A1",0.8060425452983266
"A1",0.1849589972345047
"A2",1.2178678548383917
"A2",17.33634987468996
"A2",1.5486337600980609
"A2",1.6405870320299263
"A1",15.252256454866084
"A1",0.9854408048397312
"A1",0.7760258190208029
"A1",0.5869882735186367
"A2",0.9814806450586109
"A2",-0.7360014547020719
"A1",-19.339606151540146
"A1",0.9950963607573962
"A1",-8.205779143979766
"A1",0.2722371989163874
"A1",0.8836341704326092
"A2",1.362101675349122
"A1",0.41777681203696315
"A1",0.6258829726014561
"A1",0.6105238185775792
"A1",-20.873910568968714
"A1",0.8798954737772864
"A2",12.230004648493434
"A2",-17.29022693278749
"A1",4.604286202685559
"A2",1.7777893546498267
"A2",1.1255924350837792
"A1",0.9987744573884549
"A2",1.6443314016433253
"A2",1.1510626839609217
"A2",1.207560891394671
"A1",0.7532038340933376
"A2",1.7897894326455894
"A1",0.67267646562404
"A2",1.0882406706791186
"A2",1.1220178326004606
"A2",-16.87977721067034
"A1",0.7501259578079458
"A2",-28.834904269421315
"A2",0.8227265636476107
"A2",-0.3756175674286055
"A2",1.1324043788416756
"A1",0.21962576690391433
"A2",1.7553363835557232
"A2",0.816510313652433
"A1",0.7245964066646897
"A2",0.09410498904666831
"A2",1.6702205929456677
"A1",-18.80643609634251
"A1",-9.779794773955102
"A1",0.15045985577398802
"A2",1.6466831674667435
"A1",-2.347318212689669
"A2",1.4362703309086884
"A1",0.095494072616221
"A2",1.38586624273975
"A2",1.5833814188215516
"A1",0.41596108064428505
"A1",0.47127677825523073
"A2",1.7148499847759684
"A2",12.200008522026737
"A1",0.09233631890976235
"A1",0.01943738383531568
"A1",0.3025917865737382
"A1",0.9650584137212372
"A2",1.7521002265932797
"A1",0.9440040890860868
"A1",-17.30997050853523
"A1",0.5490737068096088
"A1",10.050081509613491
"A2",-3.4572724236951533
"A1",0.69417115668775
"A1",0.34792441042127153
"A2",5.487107378617203
"A2",-12.536442313125352
"A1",9.791768512678598
"A2",1.3559293117774351
"A2",0.9624989541755453
"A2",1.3327217267511715
"A1",-8.900159597779806
"A1",0.12413549938098223
"A2",0.8954445007722942
"A1",0.03324708824323808
"A2",1.2672826949219185
"A2",1.7654337745506232
"A2",7.7900848416479
"A1",0.0572234495961057
"A2",1.041649081578054
"A2",1.2320889057818905
"A2",0.9688764748701604
"A2",0.8652116328549597
"A2",1.0541486368801343
"A1",0.11512366188626566
"A2",0.9728500611655604
"A2",1.484530769101622
"A2",1.2746428748167926
"A2",0.903731374148234
"A1",0.28116105149637716
"A2",16.96328695680084
"A1",-27.226220337916505
"A1",0.3616351654823251
"A1",0.9694176206089877
"A2",1.587107572432538
"A2",1.5524358380385666
"A2",0.8109450105829388
"A1",0.5809259507125402
"A2",1.140367915903172
"A1",0.9682434500333728
"A2",1.4719794996263316
"A1",9.754215550523622
"A2",0.8428684269522118
"A1",0.061209195033041564
"A1",0.9398829657399714
"A1",0.9391347116085893
"A1",0.5705129359763923
"A1",0.8998132874086799
"A2",1.2271725270954272
"A1",0.5854641599763009
"A1",-5.844307085473517
"A1",0.7173872679576725
"A1",0.8726323864354273
"A2",0.8141636505361891
"A2",1.4331073474396945
"A1",0.9854144686364381
"A1",0.5938168649843985
"A1",0.7074102404647513
"A2",0.9920951218735414
"A1",-19.949701957231905
"A2",1.668647249400157
"A1",0.37865849978765853
"A1",0.07808806738357821
"A2",5.185308605443353
"A1",0.36006777780931953
"A2",1.0433890502773617
"A1",0.21544065244465327
"A2",1.1515186899398702
"A1",-4.68530734913124
"A1",0.05445975581329732
"A2",2.2517028264371923
"A2",1.7848365871197631
"A1",0.9618977067596561
"A1",11.654343256720923
"A2",15.354377325034173
"A1",0.43449412533232046
"A1",-15.14508930049833
"A2",1.401142829809827
"A1",0.7113243344460143
"A1",0.5853584030819747
"A1",0.8589896683367482
"A2",1.4519893918880586
"A2",41.84284339386336
"A2",1.2097441226872094
"A2",0.9634286716107447
"A1",0.7091327632521267
"A1",0.678841969574095
"A2",1.0882168409526563
"A1",0.21722808230857882
"A1",0.41129040976235776
"A1",0.5996546353597696
"A1",9.140482670914588
"A1",0.9428421706866204
"A2",1.470774325437091
"A2",0.9637937356666815
"A2",1.4512413778011093
"A1",0.5629915913676391
"A1",0.7163165413037151
"A1",0.8584879894629036
"A1",0.39939695341144255
"A1",-10.48675048077266
"A1",0.46521682503623674
"A1",0.4653795999097179
"A1",-16.77838627994203
"A1",0.2858916725268472
"A2",1.129775485218725
"A2",23.49346857690769
"A2",1.197920697805007
"A1",-39.3973555749222
"A2",1.4888371159303475
"A1",0.16135479801086072
"A2",1.099643401165512
"A1",0.6590630207353518
"A1",0.34856389822525435
"A2",0.8664330013554602
"A1",0.5447116979694433
"A1",0.4755896671327928
"A2",-10.908539387028888
"A2",1.466302813625463
"A1",0.07642252194492816
"A2",1.044564687330624
"A1",0.7538854619065205
"A2",1.4763084124598203
"A2",1.4652411131958778
"A1",0.8412938602275377
"A2",1.0018394452589654
"A2",1.5376491663786127
"A1",0.23250076158399446
"A1",-4.320785182218428
"A2",-50.02340424349809
"A1",0.3738225327693041
"A1",0.6347489297370779
"A1",-24.337747769740876
"A2",-14.894514738476657
"A1",0.28891433566567226
"A1",0.9499567799863968
"A1",0.9157487568789262
"A1",0.6716240121256531
"A1",0.8493771683753804
"A2",1.2602261868453912
"A1",0.7823638455639947
"A1",0.45996430416957046
"A1",-15.340261870019889
"A2",0.9382253337771067
"A1",0.42390130321686836
"A1",0.2142403687063117
"A1",-2.5102838023174403
"A2",1.151450865129991
"A1",0.37893088583136536
"A2",1.7173886748742597
"A1",0.5215749134380947
"A1",0.014310577278652925
"A1",0.3573217819121661
"A1",-17.47963184544689
"A2",1.1927132857983993
"A1",0.7327403918150743
"A1",0.8306217456685481
"A1",0.6128077805620438
"A1",0.307047025582285
"A1",0.6178708079149973
"A2",1.0644181405939754
"A1",-20.269097139682504
"A1",0.31545573600341137
"A2",0.8042629199077875
"A1",0.23468402150836765
"A2",1.6170573036146858
"A2",1.2069293990237773
"A2",1.2381008656724444
"A1",-27.054194934603917
"A2",11.383216523550923
"A1",0.4553559563492373
"A2",1.532793186032112
"A2",1.1663881531713869
"A1",0.3189105824525391
"A2",1.5620724407186222
"A1",3.6352099846529278
"A2",1.227828210205864
"A1",0.005344501790964129
"A2",1.1060335479620877
"A2",1.3378912211425231
"A2",0.9200400735666445
"A2",1.356362357866633
"A1",0.7458320033795498
"A2",1.166857067250312
"A1",33.60528419574488
"A1",0.6986533289347072
"A1",0.2800221963203837
"A2",25.11355545926245
"A1",0.21390544151398228
"A2",1.235895860808159
"A2",1.5658304492038617
"A2",1.465557685236297
"A1",0.18478663250553273
"A2",1.413148943729418
"A1",0.5124244798261415
"A2",1.798396722495372
"A1",0.6476132988847707
"A2",1.3043637285993226
"A1",0.24347809391161346
"A2",1.018356617060864
"A1",0.4154193687332366
"A1",0.9129048636691603
"A1",0.8997688476545027
"A1",0.37494789029050546
"A1",0.9743195258743451
"A2",0.9326941657379724
"A1",0.8865497211592883
"A2",12.342537611854956
"A1",0.5718502617505046
"A2",1.158686845992368
"A2",-7.366588091295449
"A2",0.8225934288404981
"A1",0.8572449366455446
"A2",1.177640309500981
"A1",0.5761624005779913
"A1",0.9249341188258868
"A1",0.9450533573101292
"A2",1.1268220617923932
"A1",0.193888995027937
"A1",0.5214045218069892
"A1",0.8050046601993537
"A2",1.350728101671513
"A1",0.598276758102884
"A1",-3.5243458068041873
"A1",0.7919832338770145
"A1",0.41573134145355284
"A1",0.548301854699391
"A2",0.8096296240305831
"A1",0.7808029536935908
"A1",0.7301006763722382
"A2",1.6997814144260583
"A1",0.31059128683719917
"A1",0.7589213042030203
"A2",1.37754099198657
"A2",1.6526493821148178
"A2",1.2435506619047947
"A1",0.7483354914360449
"A2",1.3757681892774098
"A1",15.626699404946047
"A1",0.683290730868779
"A2",1.0921273084085663
"A2",0.8017590557767929
"A2",1.161898857985428
"A2",1.662515616420663
"A2",1.7607167567874384
"A2",9.84847648202867
"A1",13.463647129594627
"A1",0.14972028179490593
"A1",0.008793490327941189
"A1",0.3689644613884093
"A2",1.7794389948273508
"A1",0.38156966966677164
"A2",1.6408206220303558
"A2",1.6332042567435296
"A1",0.44169954503016373
"A2",0.8935929145290429
"A1",0.6155388048249213
"A1",19.70647691547802
"A1",0.7892632170679701
"A1",-4.959235184201189
"A1",0.08606117040346972
"A1",0.8363838497795846
"A2",1.0988645137933954
"A2",11.147933038414857
"A1",0.49460805123560503
"A1",0.833486943111575
"A2",1.4764002205835496
"A2",1.5910933767625561
"A2",0.9162338847350073
"A1",0.027218703420870627
"A2",1.7557239997052712
"A2",1.1363111356645363
"A1",0.5800232921942012
"A1",0.23207042396176725
"A1",0.08115294846050802
"A1",0.19892086316856927
"A2",1.4312129053149512
"A1",0.6538053883997903
"A2",24.956869262364847
"A2",9.191733445844683
"A1",0.994502467054426
"A1",0.14866486508211407
"A1",0.5573338599048836
"A1",0.9229429175404362
"A2",1.7011762207512215
"A1",0.5178591548581728
"A2",-34.10049001754063
"A2",1.6693037786243172
"A2",1.7316152369167326
"A2",1.4103765078252313
"A2",0.9894106802621887
"A1",-3.141069159118108
"A1",-11.240240183918564
"A1",0.24470318350150344
"A2",16.056060901407626
"A2",1.7874687346379858
"A2",1.5199264237210277
"A1",0.44666723783034
"A2",1.0284349939942683
"A1",0.9687432102426763
"A2",1.747318100133321
"A1",0.43596046744973393
"A2",1.3570254857718127
"A1",0.5855270385051232
"A1",0.41414760254634975
"A1",0.9324316021967161
"A2",1.3582617634445016
"A1",0.4418459741270446
"A2",1.2501583128775327
"A2",-6.259452884538854
"A1",-18.991946005098228
"A2",1.5045100926184347
"A1",0.8374141154289783
"A1",0.9282731614453206
"A1",0.11453628938996196
"A2",1.1139197571559465
"A1",0.6519627434329598
"A2",1.4725891554642356
"A1",60.464432126366795
"A1",0.44494384525846686
"A2",1.0455136003786418
"A1",10.555202445602703
"A1",0.6398689654201426
"A1",0.8316508192176333
"A2",1.3451659030024687
"A1",0.9163174075716383
"A2",0.8859223364386704
"A1",-1.7924177603907998
"A2",1.3006699330943994
"A1",0.8328085828606511
"A2",0.998281333042603
"A2",1.0880914138928048
"A1",0.74593775506403
"A1",0.011217277614207655
"A2",0.8773407749144004
"A2",0.8202089337392753
"A2",-4.852080334235352
"A1",0.8014059983034596
"A2",1.1119761139973319
"A2",1.7470913037124762
"A1",4.176897204501962
"A1",0.012503846478592706
"A1",14.942831738074876
"A2",-11.174487729050497
"A2",1.2857319172975104
"A1",0.2504422461802245
"A2",0.9238412452427216
"A1",0.4606029831082519
"A1",0.7794531494158554
"A2",1.5505752833012945
"A1",-34.09458716336663
"A1",0.7553196663448214
"A1",0.18101861152603949
"A2",1.6096924300106181
"A1",0.5462761160926133
"A1",15.62196039650049
"A1",24.242417208771556
"A2",1.7373493488334824
"A2",0.475815478572725
"A1",0.3921652154382309
"A1",0.8358345242365866
"A2",1.7722420584291285
"A1",-29.683242209181255
"A1",0.5509453296689992
"A1",0.8385510836071601
"A1",0.0751374518839587
"A1",0.8112865266857059
"A2",1.5888622704293205
"A1",0.5022561322539607
"A1",0.25312522566187834
"A2",6.609206623553172
"A2",0.8485733518619769
"A1",0.548886562277437
"A2",1.3127706828691017
"A2",1.4550376599729995
"A2",1.5873397923083459
"A1",0.6685904371181655
"A2",7.860757112478511
"A2",1.1042259009445883
"A1",0.8145347741892213
"A1",0.5987404874917914
"A2",5.041934838978629
"A1",0.3877896273407946
"A1",0.5149697204896357
"A1",18.652581222120126
"A1",0.6763566035599848
"A1",6.4543786759868995
"A2",1.5648572453681397
"A2",-12.942297410831305
"A1",0.8774739203490269
"A1",0.7418029181515444
"A1",0.6960884788321271
"A2",1.780493808585905
"A2",1.6951753116873043
"A2",1.475448037846081
"A1",0.1445801194984182
"A2",1.0872390661217128
"A2",-14.847174690237534
"A1",0.7429174418596278
"A1",0.0676662071972789
"A2",1.5342245658199978
"A2",26.23365680695934
"A1",0.4364955733009086
"A1",0.16894748610835242
"A2",-12.251144944799615
"A1",0.993381740493851
"A2",1.6073329409152122
"A2",0.9753146121331997
"A2",1.2503795062607954
"A1",-17.857647099234406
"A1",0.3382769573640074
"A1",0.6101980381088299
"A1",0.6921729386912516
"A1",0.8801721270332659
"A1",0.324793774388894
"A2",1.5041336191762522
"A2",10.074541753053236
"A1",9.674354590407832
"A2",1.3893811048755556
"A1",0.2703378416459685
"A1",0.39829176200306526
"A1",0.09316397823858891
"A2",33.35057537803857
"A1",0.5783752126077126
"A1",-6.270363300162733
"A1",0.6897756674024802
"A2",1.7753701276172957
"A2",1.5625151312540402
"A2",1.325320420752018
"A1",0.07841892549060159
"A1",-7.252626054204517
"A1",0.6471514539306027
"A1",0.2766496729897465
"A2",1.0865619846585823
"A1",0.848183392898149
"A1",0.5193783285357232
"A1",0.6520103348132054
"A1",0.9284282604747571
"A1",9.494741215883787
"A1",0.23440513454198775
"A1",0.44756868778172887
"A1",-10.776967976697037
"A2",1.2361399233851496
"A2",0.8430946254209479
"A2",1.7475299113300335
"A1",0.8642292038647061
"A1",-33.705160864055046
"A1",-8.320804787606406
"A1",13.445971293843671
"A1",0.023888821732205745
"A2",2.6375849097152386
"A1",0.8270080727685467
"A2",1.7566463963137902
"A2",0.9584536633191312
"A2",1.51634890410164
"A2",0.9074878649929417
"A2",1.479087456004873
"A1",0.5218852422809084
"A1",12.19357833584121
"A1",0.6058010216464924
"A2",1.3452614592295502
"A2",1.1059036966625344
"A2",1.781510178502127
"A2",1.168777139003747
"A1",0.00694042110284987
"A2",1.7228551055320689
"A1",0.18096172835706392
"A1",2.310111232024836
"A2",1.42182808161167
"A1",0.4755656713836949
"A2",1.5280098901197132
"A1",0.45589773003608247
"A1",0.054330320681857724
"A1",0.6306374086849229
"A1",0.06336633375610812
"A1",0.34624782800176956
"A1",9.525165345034877
"A2",1.31259990439388
"A2",1.0470604720755758
"A1",0.4234354838029508
"A1",0.8920909689558167
"A2",0.9346895880799508
"A1",47.526439571986685
"A1",0.9371614509281989
"A1",0.6824782381940839
"A2",1.6224249318393489
"A2",1.46148047536568
"A2",1.2052753896678339
"A2",1.1892617965387147
"A2",1.3441125924342263
"A1",0.7229906424101056
"A1",0.17222860941132434
"A1",0.508974956701137
"A2",1.1883335489642486
"A1",29.868681726090525
"A2",1.7374219331973377
"A1",-21.388460725103776
"A1",0.5313871510127319
"A1",0.17695147328274952
"A2",1.9565871061946059
"A1",0.2542277711301928
"A2",-45.52907231177834
"A2",25.917931900370423
"A2",29.69921149772637
"A1",0.54439535631121
"A2",1.5392059301449086
"A1",0.14261238495315598
"A2",11.88224544403187
"A1",0.4272332389975111
"A1",0.5481634890907401
"A2",0.8653980228282872
"A2",1.7381164668998381
"A2",0.8560918594586386
"A2",-6.443476629027473
"A2",1.2633364860369505
"A2",1.162106590250406
"A2",1.335895387016719
"A1",0.8865155103928379
"A1",0.07876279429411959
"A2",-35.7124179901941
"A2",1.085734593323929
"A1",2.6605348652699625
"A1",0.45158318218475935
"A2",-7.2003882939234725
"A1",0.1471374940520842
"A1",0.5971722739842455
"A1",0.129785056604109
"A2",-31.51526920461884
"A2",15.19284525913609
"A2",1.3286705385621667
"A2",1.2206245376221379
"A1",0.0832606175134849
"A1",0.5041075150582031
"A2",-27.793082884832312
"A2",1.6093472075767719
"A2",1.419862834047927
"A2",1.7871388401379775
"A1",0.7628250858412531
"A1",0.5626066564627492
"A2",2.322395368187146
"A1",0.27806840099303765
"A2",10.213033200452086
"A1",0.8263557995455084
"A1",0.22608403365243968
"A1",-39.01055891373446
"A1",0.6192511801228409
"A2",1.1350301376580139
"A2",1.364325189849685
"A2",1.5083090461237159
"A2",1.666341925955178
"A1",0.47450087147042863
"A1",-3.1931196753401627
"A1",0.10739492792789918
"A1",-10.421574684500518
"A2",1.534240191185189
"A1",0.0865333854303798
"A2",1.3003647111035646
"A1",0.2829611864220003
"A1",10.882023818927554
"A2",-33.750309047376106
"A1",0.5404762469841773
"A2",1.1893115772248148
"A1",0.8730033717408405
"A1",0.3934631738168921
"A1",0.7756996124233424
"A1",0.6634665319392623
"A1",0.09399071406462944
"A1",-19.457184562788022
"A1",19.20868066834521
"A2",-13.797502793922003
"A1",20.71989592459777
"A2",1.2594936551292133
"A2",14.33466491166467
"A1",0.46584317834516864
"A1",24.61016745851269
"A2",1.400209262131363
"A1",-14.82654546482772
"A1",0.5670255544255813
"A1",-36.60553193035512
"A1",0.4109309977062332
"A2",1.5694686629344676
"A1",-17.94693811041597
"A2",-0.8838417721797358
"A2",1.5692638797017726
"A2",1.707517639278904
"A2",1.2151498161617544
"A2",1.0825725603521075
"A1",0.8195093960155968
"A1",0.23107411986724058
"A1",0.6318843806031493
"A1",0.1183669865379482
"A1",0.9729711484411299
"A1",0.1691013480882988
"A1",0.13874459582581244
"A1",0.9088211081116708
"A2",1.3547131190650235
"A1",0.9664101265652656
"A2",1.0564156568727674
"A2",1.632252675308041
"A1",0.2937024976212683
"A2",-9.574979596376194
"A1",0.034840015523789125
"A1",0.7941343701976846
"A1",0.04308669319841574
"A1",0.731232349368143
"A2",26.13371459996506
"A1",0.9395272661822456
"A1",0.4920962354000513
"A2",1.4235722946798328
"A2",-12.78996766900508
"A1",0.9778778799830226
"A1",-11.845659582939465
"A1",0.3007490688737471
"A2",22.32564739933284
"A1",0.249088241049513
"A2",1.6192116923510498
"A2",1.1974088514987071
"A1",0.05454214708898042
"A1",0.3342086209231252
"A1",0.22873031795776
"A1",0.09490858394829749
"A2",1.1476919260569043
"A1",0.5478780578530951
"A2",28.035315405537297
"A1",0.6105955212551111
"A2",27.78096144965821
"A1",0.46959528264623485
"A1",0.8167746959470275
"A2",-1.2692397222933938
"A1",0.5497505156090419
"A1",0.5898647535393371
"A1",0.29849446614851627
"A1",26.76770440004344
"A2",1.5430033370323226
"A1",0.0291173815324417
"A1",0.8324115542791048
"A1",0.44467865216037317
"A1",0.5060302895881625
"A2",1.1126005086698536
"A1",0.7138318789721998
"A1",0.5258606269106625
"A1",0.8947827659231655
"A2",1.20220346555902
"A2",-35.09272195001413
"A2",1.7440432211532584
"A1",-2.9106113108359173
"A2",1.5532107447892423
"A1",0.8231096007393646
"A1",0.30832142563165
"A1",28.50713307538744
"A1",0.3996479524523975
"A2",1.4379627271319535
"A1",23.617600868902414
"A2",1.7132588668327828
"A1",0.8422493743684223
"A2",1.0181797479440506
"A1",0.9048418400218816
"A1",0.9138756193317403
"A1",-7.4079209035996385
"A1",-0.9214979749124419
"A2",1.763395094121701
"A1",0.45480018479631723
"A2",1.621144683699383
"A1",-8.230670177529785
"A1",-4.728032445699837
"A1",0.7082577020934973
"A1",2.072727119033426
"A1",0.9608182121010578
"A2",1.5533853905063189
"A2",2.64582320873685
"A2",-21.117900390252903
"A1",0.053060118640472
"A2",1.3323320323114034
"A2",-11.791167317656788
"A1",0.9267085081603272
"A2",0.8619622329288972
"A2",5.941298587245399
"A1",-3.2883705227994326
"A2",1.039050070629345
"A2",1.7576724747355206
"A1",-10.546329625290848
"A1",0.7046159390268576
"A1",-32.80987879578673
"A1",0.6266537576223878
"A1",0.9514317325003963
"A1",0.7830714646638623
"A2",15.083790542781756
"A1",26.157922833577796
"A1",-24.625642823605556
"A1",6.262343687565204
"A2",-19.04263867134131
"A2",25.488308564251884
"A1",0.9807949422274147
"A2",1.683795150779979
"A2",1.0179268031055586
"A2",1.6910294561652304
"A1",0.0014090709944112323
"A2",0.9602163703313744
"A2",1.0292252774457273
"A1",0.6101881538110729
"A2",1.4148300488649663
"A2",1.2041673533296848
"A1",0.500155436590282
"A1",0.0840180120562044
"A1",0.8378488810962934
"A2",1.527882494286807
"A1",0.6176560929931583
"A2",1.1485582935320444
"A1",-18.516252261464793
"A1",0.07984216746697048
"A2",1.32610453758906
"A1",6.479985146127254
"A1",0.15389450332917853
"A2",0.8650159663792287
"A1",0.06770557930365695
"A1",0.8122090393043473
"A2",1.2470637380315572
"A2",-6.210157964163553
"A1",0.8253888479234273
"A2",-2.7614331932756064
"A1",0.4373114321150402
"A1",0.9816473454542947
"A1",0.22984519420338811
"A2",1.246055522663813
"A2",1.29045173936085
"A2",1.5554380010233007
"A2",0.8503648963930621
"A2",0.8268831538638517
"A1",0.4330198765835285
"A1",0.06075369178198731
"A2",0.9734505687602235
"A1",0.37549812340536315
"A1",0.08174282629808705
"A2",0.9777748366887957
"A1",7.89199012160008
"A2",1.059310019727506
"A1",-6.950478650007435
"A2",0.8241838920385081
"A2",1.3906520925040051
"A2",0.9922430474347714
"A1",0.7163543503496939
"A2",1.1905518814105345
"A2",1.5069859597837094
"A1",0.8674833741733774
"A2",1.1468517808702423
"A2",8.723202579747156
"A2",1.6422513673851507
"A2",1.3879524072573846
"A2",1.0159134004192403
"A1",0.23712141996948155
"A1",0.8451856956240549
"A1",2.7296463777519535
"A1",0.019548789599987293
"A2",-6.342000631904334
"A1",-9.051712267693183
"A1",0.14965401948734436
"A1",0.5978430555392291
"A2",1.0503905603111376
"A2",0.8345953585579038
"A2",1.1066168657937254
"A1",0.1732334755239462
"A2",1.1287459909557098
"A1",0.5534390040084014
"A1",0.46621142219687006
"A2",1.6010144232577477
"A2",1.7042196021183422
"A2",1.649931919949576
"A1",0.1325968909895341
"A1",0.364841967803611
"A2",1.2440432057527355
"A1",0.43067093789149546
"A2",14.300656416204728
"A2",1.6276902784358191
"A2",1.6560915206716165
"A2",1.6775084225771002
"A1",0.7073869703471207
"A2",4.608229255178406
"A2",1.6012867264235455
"A1",0.9260212189345538
"A1",0.8980318665237981
"A1",23.936534520229294
"A2",1.401709793767962
"A1",0.5460338189439182
"A1",0.30297987417942873
"A1",0.1421972692711715
"A1",0.7710197379129191
"A1",0.9806141560542214
"A1",0.28025755528416507
"A1",19.270714168627833
"A1",0.6429440541360691
"A1",0.905970756361743
"A2",1.5669537418634978
"A2",1.2800300014001513
"A1",12.687478941936766
"A1",0.11167613974255808
"A1",0.36225270520813146
"A1",0.9959849697695087
"A2",1.4656228291840192
"A1",0.29245415458961754
"A2",1.4362075422797267
"A2",1.5327476870936476
"A1",0.5611223389413538
"A1",0.4590709692444013
"A1",0.8506731874255387
"A1",0.43519925150216876
"A1",0.23837941504270477
"A1",0.3106584976990734
"A1",0.6148824310469858
"A1",0.012474733627675372
"A1",8.540663757892316
"A1",0.7794719539767185
"A2",0.9173660365573066
"A2",0.9464705660550607
"A1",0.03300265326220653
"A2",28.630442013574033
"A1",0.9761625518331996
"A2",1.1994463766316812
"A2",-39.36143882003033
"A1",0.5785469752998764
"A1",0.9498215096452902
"A1",0.038676201437520596
"A1",0.32102150385245865
"A2",0.8527345449499719
"A2",0.8396326620118574
"A2",0.955049052603341
"A2",3.5290896842615345
"A2",-0.43491224565520303
"A2",1.3490322349664208
"A2",1.02527967868745
"A1",0.4575841254309112
"A1",0.1019415523474152
"A2",1.5095227396930713
"A2",37.755757410440324
"A1",0.3366919118903613
"A2",1.0070063241267946
"A1",0.07365520732842779
"A2",-16.42235231925851
"A2",0.8273380814927165
"A1",-6.930019720875752
"A2",-21.337749572399403
"A2",1.563166620118402
"A1",0.6493019861876834
"A2",1.6779399180549586
"A1",0.020897647721017654
"A1",0.5746421504755135
"A2",1.322160481137161
"A1",0.2738581593635496
"A2",1.4411764582241218
"A2",1.6055400022272295
"A2",1.421213721411749
"A1",0.10560095367684053
"A2",-6.459735288796549
"A2",10.071805667807176
"A1",0.40911122612376283
"A1",0.5838921248478259
"A2",1.531003638142887
"A1",0.5401751111332909
"A1",0.6508624535620056
"A2",1.495052902410871
"A1",0.04145244558599237
"A1",0.31975478105590094
"A2",-4.3973256235085145
"A1",0.9156691745658854
"A2",0.811525300848704
"A1",0.6318493415981719
"A2",1.369193555057423
"A1",-5.134022613343034
"A1",0.9188448962258888
"A2",1.6328330203157941
"A1",0.995221942873481
"A2",0.8559121314144447
"A1",0.5118428620170936
"A1",0.2168796397751196
"A2",16.45395661874972
"A2",1.2580129554837038
"A2",11.931916104719475
"A2",1.6786538079391848
"A1",7.245978557506775
"A2",1.0365978997918859
"A2",0.8359675507273723
"A2",1.0749477958555174
"A1",9.459360078175036
"A2",1.0929566957248742
"A2",0.9120958250804012
"A1",0.3239311200421082
"A2",1.33888435119155
"A1",0.45722190518862194
"A2",1.3781595876075399
"A1",0.1447611679309988
"A2",0.9645545311891752
"A1",0.39121099218587063
"A2",1.4007689150762694
"A1",0.8340905646263119
"A1",0.28365417377119195
"A1",1.3333014042002986
"A2",-24.102450769672064
"A1",0.5569836647828319
"A2",1.1946684541917272
"A1",0.12006776942764952
"A1",0.49071929891526805
"A1",0.34522163688591245
"A2",1.7318997002885324
"A1",6.391882911452372
"A2",1.6090866009761502
"A1",-14.973946347618323
"A2",1.0206605610222057
"A1",0.18773137841983534
"A2",1.2413466430955094
"A2",8.816125279130576
"A1",0.3131037889001169
"A2",1.01429658599865
"A2",0.9772423088374651
"A1",0.5736093803494222
"A1",0.4762286004981735
"A2",1.4131501284704509
"A1",0.596253394057759
"A2",1.681354465986131
"A2",15.22815702073869
"A1",0.4619279700746135
"A2",1.6677021774956666
"A1",-5.389034728796787
"A2",1.051052723952184
"A1",0.19826413436251045
"A1",0.47180546030629467
"A1",0.3156158241115141
"A2",1.1622996432366124
"A1",0.6961560421302022
"A1",0.5790895102795184
"A2",3.234487540911942
"A2",1.3033975542286758
"A2",1.3477516316001232
"A2",1.3264254292634545
"A1",0.4766001223608498
"A1",0.4128690565780273
"A2",1.4394132103614505
"A1",0.59678599097444
"A1",0.08117060543145427
"A2",4.371711314482696
"A1",-25.27882154928059
"A2",1.7395925103213767
"A2",1.302249332838395
"A2",1.742341165158017
"A2",0.8286696242896754
"A2",1.2005368350980505
"A2",1.1545024859125823
"A1",0.982432068783766
"A1",0.39782513584626433
"A2",1.5791536667655486
"A1",0.4807886170558222
"A2",-9.165131737803637
"A2",1.2558769196607458
"A1",0.05073666809284094
"A1",0.07489258335290305
"A2",1.5227900372436973
"A2",1.1712109207291317
"A2",0.9468645444476362
"A2",1.4938514524575153
"A1",0.7182828031434223
"A1",0.29805809881988
"A1",0.2864516136005304
"A2",1.247875832729841
"A1",0.2984836461220395
"A2",1.6839725224221866
"A2",0.8710982404314616
"A2",0.8331354444557986
"A1",0.8080559927966899
"A1",37.79696297916472
"A2",1.0229995309168407
"A2",2.4737450768354567
"A2",0.9274154024045955
"A2",1.1122033427665694
"A2",1.3324065208555524
"A2",1.1046455492460914
"A2",0.821510128084975
"A2",1.6841089855901183
"A1",0.7716378110580853
"A1",0.6761307458108603
"A1",0.07779525767411322
"A1",0.23589392939810905
"A1",0.8887876171186846
"A2",9.551842060416385
"A1",0.4739497656110476
"A2",1.407206049899909
"A1",0.22066181951139163
"A2",-31.57029775734673
"A1",1.7933770218910905
"A2",1.1295215545285007
"A2",1.1185382331127487
"A1",0.7364250968648713
"A1",0.11485633314669719
"A2",0.903159453901101
"A1",-25.30080077079075
"A1",0.9021203158244988
"A2",1.0662528733623973
"A2",1.1188809331402116
"A2",1.1626593634567133
"A1",0.3297285271804353
"A1",13.005210144524604
"A1",0.1299399157818708
"A2",1.6584366920199423
"A2",1.639696245456455
"A1",0.9508275187939579
"A1",2.665255254144826
"A2",0.924267981517283
"A2",1.671070670832728
"A2",1.5642894806087402
"A1",0.30770630125012843
"A2",1.6158903274054448
"A1",0.9115264373281442
"A2",1.3574469218106975
"A1",0.3246842848777993
"A1",-0.9703788071959261
"A1",0.47845197577789667
"A2",1.632060972310758
"A2",1.3909295441137504
"A2",1.1843914507277435
"A1",0.06864205327291151
"A2",1.3543365902635494
"A2",-28.25621470761736
"A1",7.375894640211953
"A2",0.854848434343092
"A2",1.6078184653569145
"A2",1.5124856971020701
"A2",1.6963620077317878
"A1",0.8358758696918727
"A2",1.7558377384474746
"A2",1.3567403211801103
"A2",1.3854302584090454
"A1",0.7986394847539937
"A1",0.4022022992308094
"A1",5.936614038513962
"A2",1.4310749131305136
"A2",0.8013699131732435
"A2",1.4509530767640773
"A2",0.8338501552485631
"A1",0.8541155102936084
"A2",1.6701357534423258
"A2",-2.2891191824866177
"A2",1.7912423021503072
"A2",1.083631418633985
"A2",-2.8635469921628864
"A1",0.8385867014821089
"A2",-20.202187663973408
"A1",0.7564248215243385
"A2",1.23892969042857
"A2",1.3669928894234666
"A1",0.040731020710355725
"A1",0.6409227642540045
"A2",1.5024970668033708
"A2",14.953766176140133
"A1",0.045743311511424745
"A1",0.309571101150774
"A1",15.785653560833355
"A1",0.8344263941670098
"A1",0.9629272563556202
"A1",4.927259460662156
"A1",0.1859692570411826
"A2",1.0146729986078178
"A1",0.31817948392961526
"A1",33.490547940479175
"A2",1.5258379890797409
"A2",1.3826627028524159
"A2",1.135646519739692
"A1",0.8138784594788315
"A2",1.4079890054350053
"A2",0.8161847869050018
"A2",1.2225117329796773
"A2",1.2960243966602754
"A1",0.17961580952424105
"A2",1.7169666553048524
"A2",0.8432448388266152
"A1",0.43157813885301
"A1",-2.14304778585305
"A2",0.8168275602663997
"A1",0.5602017538242081
"A2",1.565052953852409
"A2",30.59292984803593
"A2",1.4598243825245554
"A2",1.3254384830298156
"A1",0.6901583255586841
"A2",1.3922999534072906
"A2",1.7892221858142268
"A1",0.056521964761220955
"A2",1.7820945538781585
"A2",0.9019244356942486
"A2",1.1153214054497524
"A2",1.3719959342849652
"A2",1.0857784091218017
"A1",0.16296359516477388
"A2",1.168457928215002
"A1",0.41743311865782595
"A2",0.8960871352866397
"A2",-6.171725691772062
"A2",0.8538960008655734
"A1",0.3637204349618035
"A1",-7.901610565487272
"A2",1.2105214330905554
"A1",0.44403668516175054
"A1",0.435677654824709
"A1",24.843184178198083
"A1",0.18338792817358218
"A1",0.10477752937508322
"A2",51.0238493078615
"A2",0.9657580106357497
"A2",1.284350278486339
"A1",14.684125916306142
"A1",0.5764183458230088
"A2",1.6946225521047453
"A1",0.2690661421882008
"A1",0.0394705675831597
"A2",6.338876622751102
"A2",1.7209863112875303
"A1",0.10002369308529158
"A1",0.9927333840918491
"A1",9.944159665091242
"A2",1.367132621798269
"A2",-18.290203005426765
"A1",0.32499805069309473
"A2",1.1458431675916878
"A1",0.48094997605845746
"A2",1.6105830072021843
"A2",21.12684313158778
"A2",15.620564205899877
"A2",0.8779874032468931
"A2",1.661283498400454
"A2",1.7729704792704286
"A1",0.37622865593832433
"A2",1.593221246875404
"A1",33.681842696844946
"A1",0.02261674653087309
"A1",0.3640622539492979
"A1",0.8938920692843735
"A2",7.824077155523447
"A2",1.5169362515500058
"A2",1.71655008621311
"A1",0.5473283277711203
"A1",0.7562232811945582
"A2",1.2354675196691698
"A1",0.06446046298334562
"A2",-2.940828144500274
"A1",0.5999339038725242
"A2",1.574634204445435
"A2",1.7728777440894194
"A2",-0.7922619947149241
"A1",0.3206776358164063
"A1",0.8945776816787319
"A2",1.0124683570421518
"A1",15.957907648963605
"A1",0.8398084206690859
"A1",0.6471204088646976
"A2",3.9222977265814523
"A1",0.9000434268209665
"A2",0.952204350134793
"A2",20.231874517182685
"A2",1.7330242681393528
"A1",0.1593679790954916
"A2",1.7719518154864764
"A1",0.7317256970120483
"A1",-10.1854988625267
"A1",0.2571551392793392
"A1",0.07105690918254193
"A2",1.7722789376166355
"A1",0.22332627651774883
"A1",0.05191660019424704
"A1",0.16443194058498944
"A2",1.3376730332482805
"A2",1.2695927633231507
"A1",0.7235931926813701
"A1",0.4946572776019962
"A2",1.2030537340103764
"A1",0.0882473294257724
"A1",0.3723510933851193
"A1",0.8654180306732069
"A2",1.6164679920435847
"A2",0.8279132349225551
"A2",1.6918870693647925
"A1",0.10942458761605445
"A1",0.13495945943325482
"A2",19.175925780063714
"A2",1.2234174412171503
"A1",-11.818186070003282
"A1",-2.3882108998930414
"A1",8.797799903122382
"A2",0.8852062366653484
"A1",0.3814270055889102
"A1",0.8025970427101101
"A2",1.6038155991034546
"A1",0.9971185908383449
"A1",0.7474276613766506
"A1",0.5211927667330452
"A2",1.4918747283101623
"A1",0.9178277058590303
"A2",1.2089938347866664
"A1",0.9299688878444992
"A2",1.1287195972100097
"A1",0.3995255103647486
"A1",0.3043309105914358
"A1",0.15966443705545186
"A1",39.60245771861368
"A2",1.7217494658800245
"A2",0.9956658916373036
"A1",0.3507546290833745
"A2",1.4352255747878584
"A2",16.079472814337407
"A2",-5.8559803937933745
"A2",4.55616062988459
"A1",0.2996901182590901
"A1",-11.657772407934942
"A2",1.3146064739784449
"A1",-6.882214149936306
"A1",0.05816602019165695
"A1",0.7263487741839891
"A2",1.2360723000152603
"A1",29.302173462994496
"A1",-2.0826376563017477
"A1",0.9377157265375275
"A2",9.300627788053283
"A1",0.7715634525611936
"A2",1.0006944490373002
"A1",0.3768450012159321
"A2",0.8624681944222699
"A1",0.6895821202403563
"A1",0.6452907882967973
"A2",1.6406563443330182
"A2",0.8163374712183828
"A2",1.0874619591386854
"A2",1.718079895380179
"A1",0.31857078901698843
"A1",0.1318515892028358
"A2",1.7329037008802362
"A2",1.2601862384776423
"A1",0.22003746382641154
"A1",0.41917728556450196
"A2",0.8384133971827719
"A1",22.82298663541461
"A1",0.9182635424541759
"A1",0.893907169566543
"A2",1.6288366585719263
"A1",0.529990062362028
"A1",0.971703785648792
"A2",0.8021754598228195
"A1",0.11953226934280758
"A2",1.159478635077607
"A2",-8.82338798744422
"A1",0.600569643121815
"A1",-23.264912522612423
"A1",0.9185886541221382
"A1",0.24689030168151804
"A1",0.3416397300353493
"A2",1.1126659995786659
"A1",-3.878209997044853
"A2",1.0173771432970713
"A1",-24.59277120723398
"A1",0.18852756741450238
"A1",0.3831128588947166
"A2",-4.58304809242157
"A1",0.3113602557650552
"A2",-35.49445412544922
"A2",1.4087257993007631
"A2",29.670846667995857
"A2",0.9160656643078651
"A2",-1.8998227273909694
"A1",0.924029936894835
"A2",1.243520474565761
"A2",1.484014062920323
"A2",1.347771298993547
"A1",0.035822174299869225
"A1",0.23358817127908482
"A2",1.0523573533057098
"A1",0.11369049498197326
"A1",0.3268686199559585
"A2",1.2838738462939296
"A2",0.8157101683601575
"A1",0.9759221004420482
"A2",-8.212375055652029
"A1",0.20413214249717937
"A2",1.4966557338478017
"A2",1.0851987852587375
"A2",1.495783011531996
"A1",0.8662791539539234
"A1",0.8058538835843585
"A1",0.4673727328662356
"A2",1.4185569046483923
"A2",-9.662258978119834
"A1",0.14143808155404325
"A2",1.5625395222296243
"A1",0.2670804959761435
"A1",0.13829234867369644
"A2",1.3097854753833333
"A2",0.9888365610735592
"A1",21.201047109532276
"A2",1.338153727868147
"A2",1.077489223532481
"A2",1.4171170545664573
"A2",1.191910754812024
"A2",1.413702872314187
"A1",0.5176321422534225
"A2",0.8797718242876431
"A1",0.7205900250057089
"A1",0.4718484908292704
"A1",0.6465517171638142
"A2",40.28406439255799
"A1",0.19404050840527165
"A1",0.0462695951367571
"A2",14.713297572274563
"A1",0.3045470290731134
"A1",0.20073144482543515
"A1",-7.728711021362271
"A2",1.1729587534806387
"A2",1.0752070325523595
"A1",-28.57198005483548
"A2",1.658855268770172
"A1",11.691045943382614
"A2",1.4621421191254091
"A2",1.5615035875967558
"A1",-16.337116333046612
"A1",0.182849164196474
"A1",0.02896034458664576
"A1",0.05428366747591329
"A1",0.941913142146729
"A1",-17.384031285672528
"A2",1.5663131868535038
"A2",19.067117840026842
"A1",-4.839050580600274
"A1",0.5786474032174651
"A1",0.426426554688067
"A2",1.6576736876132478
"A2",-2.571308629231027
"A1",0.6387554911546529
"A1",0.07734208062997272
"A2",0.9030835909183166
"A2",38.07947222844865
"A1",0.15494972920631134
"A2",1.4237484408175323
"A2",1.6305614527895929
"A1",0.24196898809456546
"A2",0.8037236520748199
"A2",1.0009400043535166
"A2",1.7978318887244626
"A1",0.9654134751964782
"A2",1.0017972991652
"A1",0.4649041909717633
"A1",0.7413514579061642
"A2",1.2785451545663273
"A1",0.6494503257648925
"A1",36.36482467935259
"A2",1.1452009928890534
"A2",1.581024334808839
"A2",0.8937524711600418
"A2",1.386748704455457
"A1",0.43505193513834794
"A1",0.41288021945750986
"A2",1.4539596097497214
"A1",0.17871540975575928
"A2",1.7543645922591957
"A2",1.0877046682095854
"A1",-6.573400213757292
"A2",0.9674751775799146
"A1",0.6414850362891114
"A2",1.7052934601396765
"A2",-36.857786195325225
"A2",1.1372895590605792
"A1",0.4891800596388516
"A1",0.4042776568313373
"A2",1.3114686066869832
"A2",1.7359181358137823
"A2",1.1907989290047256
"A1",0.7495470018357808
"A2",1.4387264913713327
"A1",25.28901243693559
"A1",0.9362863326763509
"A1",-11.587577894955494
"A2",1.7412589295001057
"A1",-14.91647626688223
"A1",-38.66452304483523
"A2",1.749651125146213
"A1",0.5602977421733617
"A2",1.7543108124475058
"A2",27.793599893656165
"A2",0.8209085492088326
"A2",1.5698205066516044
"A2",1.6168944593212542
"A2",1.0894908864250907
"A1",0.09778403692373083
"A2",1.1561306293818743
"A1",0.19106448395927456
"A2",0.9539875398978448
"A1",0.2077763502418104
"A2",1.2201556230360315
"A2",1.5098459957024102
"A1",0.36467849386750517
"A2",0.824216772386378
"A2",1.5451054751202489
"A1",0.5811584274741219
"A1",14.758331358713296
"A1",0.9795981428687439
"A1",0.8718234172040369
"A1",0.287408485041736
"A2",1.2491857793637198
"A2",1.7652670588698913
"A2",0.8673052369024867
"A2",1.5679199602907008
"A2",1.7702519902271932
"A2",1.6905742289104044
"A2",39.025513783901864
"A1",0.09248768991573275
"A2",1.173213823841667
"A1",0.9646979941241536
"A1",0.3128983975082553
"A1",0.23361880699912407
"A2",33.4970030201999
"A1",0.7787036789065471
"A2",-5.850225543067099
"A1",0.2857023248549415
"A2",1.6131452654343628
"A2",1.1568491866164134
"A1",-32.058287870083454
"A1",0.43302088794038496
"A1",0.9432186226187318
"A2",1.7225700072010928
"A1",0.8431597765915444
"A1",0.3624346726461327
"A1",0.12452775594108156
"A2",1.4914658421200633
"A1",0.8464283677888074
"A1",0.7011275056880302
"A1",0.6533156791108639
"A2",1.532348238975726
"A2",-47.69131299671049
"A1",0.41618588541618906
"A1",-22.745715314119423
"A2",0.8463730231074131
"A1",37.37167943383538
"A1",32.72048752852181
"A2",1.7187844496169031
"A2",1.0466620001602462
"A1",0.8970786906547059
"A1",0.9662817898097447
"A2",1.5888526665068845
"A1",0.7771653178219458
"A1",0.988847354111325
"A2",0.8398602547136993
"A2",1.478522918850477
"A1",-15.793259441864516
"A2",15.053421540281061
"A1",0.21290444719682333
"A1",0.4780526081457448
"A1",0.9143570615743515
"A1",0.5785223104086255
"A1",0.5102740846953364
"A2",1.5613407959289214
"A1",-23.821810066361806
"A1",0.4678706931416048
"A1",0.38896107277307124
"A1",0.8316496376615523
"A2",1.4209251559598313
"A2",1.0047620875483878
"A1",0.6960422592955351
"A1",0.3121208500513166
"A2",1.079510111837808
"A2",-21.418125948626912
"A2",1.5277205674391117
"A1",-0.39350638758766276
"A2",1.6263012326280668
"A2",4.684604832205444
"A2",1.3593498745965598
"A1",0.7447617332853016
"A1",0.734989724107014
"A1",0.5323081894378909
"A2",1.1935285876721309
"A2",1.0411364380988901
"A1",0.6831240288957063
"A1",0.31041844845502653
"A1",0.7608174495669184
"A2",0.9580864633460224
"A2",1.3785378112459212
"A1",0.1841969873509295
"A2",1.6744123904716637
"A2",1.2714380442457671
"A1",0.20075754151397174
"A1",0.02576987937231645
"A2",1.0882919364485348
"A1",0.8230885197956417
"A2",1.3905385394547984
"A1",0.32938517419240854
"A2",1.776506644859562
"A1",-26.554979662734773
"A2",1.2171964787588243
"A1",0.5023913077548319
"A2",1.7937070690802972
"A1",0.18220342456043492
"A1",-7.137845472684264
"A1",0.24179947783387834
"A1",0.47980296485740714
"A1",0.951648133887
"A2",1.0695536780967008
"A1",0.4531658486178656
"A1",0.41771345361176393
"A2",1.5024848889680171
"A1",-42.760795341833486
"A1",0.9728789368992359
"A2",1.0980014579107245
"A1",0.2639733985520718
"A2",1.539981807763832
"A2",1.4330155820201393
"A2",1.4663017588333211
"A1",0.30487474170784457
"A2",1.360873928085673
"A1",0.3242509894998018
"A2",-8.478296063257215
"A1",-2.5684008795243454
"A2",1.328661562453208
"A1",0.45107057319238186
"A1",0.09692185889496097
"A2",0.9813780776556611
"A2",1.7892149446159855
"A1",0.40892517211919555
"A2",1.6428999789334227
"A1",0.11966723806782231
"A2",1.411309734067533
"A1",0.08396413488460941
"A1",0.8842950861658034
"A1",0.1397188168681398
"A1",27.99617906937365
"A1",0.2170718879593636
"A2",1.3007762598851416
"A1",12.41882110434828
"A1",0.8548197044052737
"A1",0.4328065518887396
"A1",0.3590590198050283
"A1",0.07079834839111432
"A1",1.923649480124621
"A1",5.207725610550828
"A1",0.06632765816492348
"A1",0.8286377384301029
"A2",1.772644887874892
"A1",0.12829504837682926
"A1",15.036559752565756
"A1",0.48654782501860994
"A2",0.8230761953458716
"A1",-3.9882399759292215
"A2",1.4639684300445772
"A2",1.0881438479069157
"A1",0.9177508761381545
"A2",1.7028069472173233
"A2",0.8720371665230939
"A2",26.71128512498204
"A1",0.3837729611937173
"A2",1.6018040005127183
"A1",0.3103443948007121
"A1",0.38477850205651776
"A1",0.9510272886149702
"A1",0.1327566818209409
"A1",0.5893874265671935
"A1",5.245061276949322
"A2",1.0554043058666966
"A2",1.7747332061874044
"A2",-1.4527269043475899
"A1",0.19042210995244901
"A2",0.8750002428083961
"A1",0.414900110235892
"A2",1.7738191014378684
"A1",0.4732471570893926
"A1",0.3476587146274832
"A2",1.5298200882187034
"A1",14.288171258256675
"A1",60.465514023048165
"A2",0.988733774273409
"A2",1.1936373666245998
"A1",22.75924071889103
"A2",1.426498991190026
"A2",1.6994956636263878
"A1",0.40392370543935674
"A1",0.004823898439861418
"A2",1.3340429956272597
"A2",1.199472615514354
"A2",-47.001390546488764
"A2",1.2081064246419362
"A2",-27.78443357464616
"A2",1.0469883507619415
"A2",1.7840029632314427
"A2",1.3590632468292358
"A1",15.166101501121137
"A2",1.3351137326663964
"A2",1.5298210765504778
"A2",0.8974608295327544
"A1",4.874503368312633
"A2",1.283228363576121
"A2",1.3085789982567457
"A2",0.8099411811741866
"A2",0.89157791625796
"A2",1.0027225632744419
"A1",0.3853282687035675
"A1",0.4163573181779088
"A2",1.5460791180528028
"A2",1.4196195393148752
"A2",1.4109199921037638
"A1",0.7475163666295683
"A1",0.18956574064365106
"A2",1.4507568234578623
"A2",30.917339508023773
"A2",1.229442894687816
"A2",1.2993453445232217
"A1",0.7446652404716227
"A2",0.9604770819442427
"A1",0.4055360261443144
"A2",-17.200867398447222
"A2",1.1744687135746648
"A1",0.23509934192187276
"A2",1.3815371707123663
"A1",0.9883499310587056
"A2",-29.01862795481007
"A2",-9.012552258473521
"A2",1.6490625905208005
"A2",-12.412986237923088
"A2",0.8685555603922648
"A2",1.7051551604130093
"A2",3.5130664708586234
"A2",1.0280405141566873
"A2",1.3590074925935165
"A1",0.9903234984393163
"A1",0.9014311201385201
"A1",0.7477584091671716
"A2",13.048855743618311
"A2",0.9073561599892355
"A1",0.7159291752971573
"A1",0.6994780429955672
"A1",0.7896005542026534
"A2",1.0029457186973563
"A1",5.896446079311958
"A2",1.763731727971637
"A2",1.5202688084236093
"A1",0.8810503884373313
"A1",0.985521303342463
"A1",0.06383444508857905
"A2",0.8908059992303663
"A1",22.965100824669108
"A1",-24.718177120201315
"A1",0.08335749584667407
"A2",1.0315255789980016
"A1",0.8926104436425415
"A1",0.3139626890387641
"A2",1.1809862163347977
"A2",1.3342282170997968
"A2",1.5696276947442132
"A1",0.071415539239986
"A2",1.4813312968202785
"A2",1.0627552551263806
"A1",0.28542499208257177
"A1",0.013480483202499949
"A1",0.0733735004700331
"A2",1.1042654905742229
"A1",0.6383411590170314
"A1",0.8906657813919223
"A2",1.5837445803213193
"A2",0.9121966540609303
"A2",1.5004351833917084
"A1",-0.9736050294904541
"A1",0.7173429156590494
"A2",1.2261226968043395
"A2",1.6508441004387748
"A2",1.757826937990654
"A2",0.8113127942952214
"A1",28.680962667004884
"A1",0.33683780400630714
"A2",1.6893050624756094
"A1",0.29573363835115396
"A2",1.6989484547540386
"A2",1.1885349004771506
"A1",0.006617619724437418
"A1",0.059538849998368226
"A2",0.8391556845331176
"A2",1.0137689157533563
"A1",0.9356091624789171
"A1",0.9026424945666116
"A1",0.534781954091911
"A1",0.551715817646794
"A2",1.2518606691236889
"A2",1.5252327993530723
"A2",1.1080063679372103
"A2",1.3804364852814686
"A1",0.8042199133069459
"A1",0.41366957224746526
"A1",0.49471134825583074
"A2",1.1681940532901947
"A1",11.357795237858884
"A1",0.21538725156964023
"A1",0.17422556101791975
"A2",0.3820746501205693
"A1",0.3667333184986026
"A1",-2.632910950691196
"A1",0.37650285343281586
"A1",0.42860719735149444
"A2",1.6058885857996057
"A1",0.3623732105135071
"A1",0.45655202237546844
"A1",0.6217680737905509
"A2",1.39792158647667
"A1",0.6799176975573111
"A2",1.4277010133625134
"A2",1.3705843143077865
"A1",0.5394156936607644
"A2",5.469050684715666
"A2",38.4233671583359
"A2",0.8344993887327161
"A2",1.5078369637970364
"A1",0.009498862978875477
"A1",13.527422670413696
"A1",0.39514206968001186
"A1",-19.46080813886121
"A1",0.7884754872198212
"A2",39.10128448433773
"A1",0.629851535652179
"A1",0.49428437816143367
"A2",1.0445340796059295
"A2",1.173368210134939
"A2",1.1651273626924243
"A1",0.5622681845741706
"A1",0.4925985463089946
"A2",1.7337017938993369
"A1",0.42828995109628165
"A2",0.8987045438018737
"A2",1.7945678913531864
"A1",0.027321737812680214
"A2",-24.887929976785447
"A1",0.8714369655679357
"A1",0.7162197136028465
"A2",0.8539815091313203
"A1",0.8249709802243705
"A2",1.5282084181930304
"A2",1.7960836434630882
"A2",1.1708477146376266
"A1",0.9358419750998523
"A1",0.7836337159940925
"A2",1.2508185164175405
"A2",1.4563551884658668
"A1",0.9418777949527344
"A2",1.6292871350358595
"A2",1.648888119730796
"A2",15.511212637088821
"A2",0.8454931373929546
"A2",1.5049411851860095
"A1",0.45571544364386396
"A2",1.10301154667574
"A1",30.075547433074874
"A1",0.19721550227177564
"A2",1.3802957205525863
"A1",25.87247313763549
"A2",1.565355778220188
"A2",1.5402978483951384
"A2",0.9518904700384312
"A2",0.8942783414969244
"A2",0.9367215054587807
"A2",8.012986804623587
"A1",0.5672155108142511
"A1",0.3835756412702507
"A1",0.8950833061029833
"A2",1.4499063347068148
"A2",6.125650964618163
"A1",0.9696371443911778
"A2",13.013956073991036
"A2",1.1867234637382889
"A2",1.3292006200627422
"A2",1.6491782985943704
"A2",1.6972840846741017
"A1",0.14196968196434434
"A2",1.5739296416211233
"A1",21.86887632615621
"A1",0.657221398811977
"A2",1.4924101885081549
"A2",-31.392403844602505
"A1",0.9426841025715254
"A1",42.17619842127142
"A1",0.5809256353950365
"A2",1.2173037655541945
"A1",0.4689439276448888
"A2",1.3110078427443046
"A1",0.20016378266199908
"A2",0.9928860985199681
"A1",0.5635021035706305
"A1",-11.252180747201475
"A1",1.3009862523009403
"A1",0.9209741824668862
"A2",0.9712958715252022
"A2",1.1399431216353118
"A1",0.36118931791336983
"A2",1.1579455493116309
"A2",1.2583899549952793
"A2",1.7051151168660845
"A2",0.9127800484822051
"A1",0.821701367825219
"A1",0.48760771329141916
"A1",-6.441180977444788
"A1",0.7478949349581216
"A1",0.054211698772181016
"A2",0.8052161705828251
"A2",0.9833994266352906
"A1",21.406749860941495
"A1",0.7763144270219713
"A1",0.6088371585978665
"A1",0.9594160446484199
"A2",12.912629756401417
"A2",-3.880775291526718
"A2",1.556721536143741
"A1",0.528321543546499
"A2",1.2010004625787034
"A2",1.0757906347791804
"A1",-17.629198342062924
"A2",1.4071336635925713
"A2",0.9006507269035555
"A1",0.8553201019848378
"A2",1.1926832528122302
"A1",0.7429172398395409
"A2",1.2583308979228025
"A1",0.8733549210359401
"A1",0.2906990167874526
"A1",0.665589405386722
"A1",0.6401332632182737
"A1",15.295586076879296
"A1",0.6273593180390113
"A1",0.11160993441396205
"A1",0.15821157117962592
"A2",0.9144146967856246
"A1",0.834719959135968
"A1",0.0879199994170452
"A2",1.3898251191904145
"A1",0.3734994682314603
"A2",25.845001096872547
"A1",-4.26720544977635
"A2",1.3919668741542046
"A1",0.3764832191538767
"A2",1.41886051213664
"A1",-5.067575717442964
"A2",1.3371333258008513
"A2",0.8967222490758247
"A1",0.6455573266149655
"A2",1.657401984324862
"A1",0.3239886196490178
"A1",-28.973549860922656
"A1",0.6222289560549046
"A2",1.2265508020932185
"A1",0.5081204941760078
"A1",20.51886703623554
"A2",1.6952733442645982
"A2",1.0252390816510266
"A1",0.2783936035764356
"A1",0.5045407559305286
"A2",-37.45460227773448
"A1",0.8324753040110153
"A2",1.680846990696935
"A2",1.2843927039400436
"A2",1.351548767945181
"A2",1.5996771362820055
"A2",1.2319614785872037
"A2",3.812057843220548
"A1",0.3252685126508823
"A2",1.5019173810407629
"A2",-0.025163070562651768
"A2",1.3046749852008435
"A1",0.5260092173762023
"A2",16.495653320757384
"A1",11.975165817041605
"A2",1.1366407243974952
"A2",1.6636079169974183
"A2",-5.462286692576851
"A2",0.9182246599284112
"A1",0.7362424301551185
"A1",0.5343855982535772
"A1",0.3758270683265952
"A1",0.4626240963738475
"A1",0.04003768501984206
"A1",0.8769494289380204
"A1",0.1320898962765038
"A1",0.8022576794616467
"A1",-0.773203438038748
"A1",0.7337053441132826
"A1",15.656722561839938
"A1",-28.695318382648605
"A1",0.06856093983590572
"A1",0.513312938689741
"A1",0.7609946549018383
"A1",-19.372881253896566
"A1",0.012827512589203227
"A2",1.0794583345156026
"A1",0.6594517346918194
"A1",-25.315721468149246
"A1",0.8020353187410063
"A1",0.13733824176234544
"A2",1.5339652502896335
"A1",-24.686059721600525
"A1",0.2251551442816142
"A2",-21.494387817333717
"A1",0.5156083269459193
"A1",0.7934996230850522
"A1",-26.92710566932262
"A1",0.9333639325133827
"A1",0.11984267486552014
"A1",-16.401039936086793
"A1",0.701115615332357
"A1",0.3373471259468801
"A1",0.47606388667239674
"A2",0.9162647148095784
"A2",0.9625986352461167
"A1",0.038923801626465915
"A2",1.4125666699255222
"A1",0.19255185666551378
"A2",13.758644654627037
"A2",0.9498573617637573
"A2",0.8261289757753809
"A1",0.17341751571317765
"A2",1.0236738785295587
"A2",-5.785710220768859
"A1",0.7697580413436957
"A2",19.68063781530641
"A1",0.12533156619974117
"A1",0.0217383024634501
"A1",0.5765532988077258
"A1",0.3668523679152891
"A1",0.5118890939020593
"A1",0.19747715513727981
"A1",0.3055056721470273
"A2",0.8704068113772518
"A1",0.42233717958638417
"A2",1.0886906064403223
"A1",0.7596463858229139
"A2",1.1119299766446793
"A1",-36.59507407050705
"A1",0.7702027781973075
"A1",0.9747309181715098
"A2",1.5116550789789127
"A1",0.10484962066326386
"A2",1.292374319289569
"A2",20.068978089133775
"A1",0.08434037114736204
"A2",1.7240111582855404
"A2",0.910201636438613
"A2",0.981676776736597
"A2",19.672305047975133
"A1",0.9523531971621038
"A2",1.502692337914671
"A2",1.5099834305689877
"A2",0.892452271221643
"A2",8.999236141557176
"A1",0.25131668309267274
"A1",0.2471730249941313
"A2",1.1633594637295364
"A2",1.1495956185770053
"A1",0.4680661769114218
"A1",0.8218751653922365
"A1",0.670033835583153
"A1",0.36955264965057455
"A2",1.0773171562896495
"A1",0.94216222132702
"A2",1.2698281689978748
"A1",0.6820263484401354
"A1",7.265619658752408
"A1",0.4527350770555505
"A1",0.7886043885571672
"A2",1.1891656687951875
"A2",-26.876928416212383
"A2",1.6374306373321026
"A2",1.4396801832488968
"A1",24.397203666980445
"A1",0.23888033077600435
"A1",0.5973184121421864
"A2",1.25023328735851
"A2",1.0447771107187567
"A2",1.1390335627862933
"A2",0.9112877274427371
"A2",1.4162658028154964
"A1",0.04516359784624968
"A1",-6.329313463233046
"A2",1.3421274389656515
"A1",0.505846559748325
"A1",33.155827274859604
"A2",0.9111988139131559
"A2",1.1263366114569666
"A2",-37.21083895978252
"A2",1.146473934851687
"A2",3.3587764512959537
"A2",1.281585981494461
"A1",-11.065094480106886
"A2",1.5773754784044747
"A1",-5.102190241161559
"A2",14.833395099276427
"A1",0.017797337168766525
"A2",26.23292032190746
"A2",0.8490725418673624
"A1",0.5096062462547719
"A1",0.14111837831771856
"A1",7.660034605621267
"A1",9.699343961970543
"A2",0.9824562274383597
"A2",1.4929351464530323
"A1",0.14590236930367628
"A1",0.3176294470596761
"A2",10.199899009594406
"A1",0.053246835466815856
"A1",0.7900146217121511
"A1",0.15873687645228207
"A2",7.266809243366465
"A2",7.9520980305941205
"A1",18.85978819559775
"A2",1.332616031736588
"A2",1.2140881111064474
"A2",1.1882849819130685
"A1",0.39044261133350977
"A1",0.5543624039932284
"A2",1.3678861064704768
"A1",0.5237027292940226
"A1",0.8721102211306455
"A2",12.591980918446094
"A2",1.5351331887939303
"A1",0.6388775732424123
"A2",8.655384922648627
"A2",1.28521642915337
"A1",0.9627279337272718
"A2",1.5856823806966727
"A2",15.09528287492925
"A1",0.5341742765391861
"A1",10.86096292714932
"A1",9.667177651879811
"A1",-14.852801115603127
"A2",1.3202828529615878
"A1",0.18370796468481898
"A1",0.2913901076052541
"A2",0.819950739605678
"A2",1.4860178278463028
"A2",1.3717486594452304
"A1",0.6409296671989158
"A2",1.1869395661376059
"A2",1.1521087191511867
"A2",1.4274635302767884
"A2",1.2089483854838514
"A1",15.258154111377749
"A1",0.47433964347427593
"A2",1.374858256911615
"A2",1.0583280007603277
"A1",0.9022116718254707
"A1",0.9376324283475899
"A2",1.2513125071241191
"A1",0.6971071412320324
"A1",0.9957082553664629
"A2",1.285743606893276
"A1",-22.266061417936488
"A1",0.9409776524434454
"A1",0.8712564371482836
"A1",16.319886202161577
"A2",0.806123603331572
"A2",0.8687431658856306
"A2",3.378230414878727
"A2",-18.064289150094478
"A1",0.753076063499635
"A1",0.7997445444718567
"A1",-21.5192137118426
"A2",16.359521193263973
"A2",-1.1411591546806996
"A1",0.2878313368486469
"A1",0.3859369783206641
"A2",1.4551304569227312
"A2",1.1665759622575302
"A2",1.6606194426124954
"A1",0.5232933221551517
"A2",1.2510185385603063
"A1",0.016089144978002956
"A1",0.8274641864579617
"A1",0.3513025368301739
"A2",1.0620176852706347
"A1",-6.746948865891715
"A2",25.253970330209004
"A1",20.073611407767743
"A1",0.6801875768431445
"A1",0.22161611719712737
"A1",0.9840694158046399
"A1",0.8579719466938505
"A1",0.08785944168195492
"A2",1.551293368868511
"A2",1.4829707341134493
"A2",0.9178933705266576
"A1",0.7447234310621182
"A2",1.6327095930351112
"A1",0.08113930164156447
"A2",1.616889232886118
"A2",1.7815682621339057
"A2",1.4553153560851384
"A2",1.174868004193995
"A2",1.0358510699428145
"A2",1.6950561808785245
"A1",0.7276089997220453
"A1",0.16624667145496486
"A2",1.1656501697006556
"A2",1.3635288470191147
"A1",0.4089280309727008
"A2",1.37229462299196
"A2",1.5439189064993608
"A2",1.0439334639602893
"A1",0.045932950979358456
"A2",-8.278112683372012
"A2",30.319492022424534
"A1",0.1617473387063335
"A2",1.0749874168833993
"A1",0.6384187077813306
"A1",-16.102988801970067
"A1",-16.063319814330434
"A2",1.445398113762412
"A1",0.20110459837636174
"A1",0.31469602785757256
"A1",0.1200990032756657
"A2",1.1856358806166554
"A2",1.0641142527287344
"A2",1.0997248626678082
"A1",0.8100582314429152
"A2",1.7555853274085143
"A1",0.23486036902086793
"A2",4.599700322064194
"A2",1.0856732260989657
"A2",5.519087476652519
"A1",0.2994126896326812
"A1",0.40605546878236565
"A2",9.253089863071487
"A2",1.4343021296764242
"A1",6.648867122604175
"A1",0.8559111920764328
"A2",1.7346760065379982
"A1",0.7856332955463905
"A2",1.5583005790172835
"A1",0.3885068451333664
"A2",1.686018290657057
"A1",0.09318974171421868
"A1",0.8486823364047804
"A1",0.9792168536680534
"A1",0.7139005992834431
"A1",0.13131357666949217
"A2",0.847400286916629
"A1",0.8843779039217754
"A1",0.2915762591192699
"A1",0.05374235685323048
"A2",4.8995452118932095
"A1",16.32820508934134
"A2",1.1095049630344296
"A2",1.4722726771071615
"A2",4.418619472629528
"A1",0.7211661082079948
"A2",1.3847670163436767
"A1",0.1894313064335833
"A1",-1.5253264481292308
"A2",1.5557599683140149
"A2",1.2541702360295737
"A2",1.4295111461924246
"A2",1.360385167233413
"A2",1.521442673613583
"A1",0.4206644179613117
"A1",0.3612955084717513
"A2",1.162519514922222
"A1",0.7736902742064149
"A2",0.9365161691073303
"A1",0.4972662227233662
"A2",1.5026128416420947
"A2",1.634196252669723
"A1",0.8566979903474423
"A1",0.22441324241375193
"A2",1.7042549284118125
"A2",1.196724531938525
"A2",1.2391268081967628
"A1",0.2673324054171624
"A1",0.7819303614475146
"A2",1.2169033828731672
"A1",0.7585176458859635
"A2",1.2831769022706767
"A2",0.8982846521757843
"A1",0.7372024132895478
"A2",-11.5718249671633
"A2",1.2262603847600402
"A1",0.9967334271055468
"A2",1.2780970379237289
"A2",1.691316103993114
"A2",-10.101647844123631
"A1",0.9589264029028979
"A1",0.48064625891687585
"A1",0.971636313175056
"A1",0.5033495233449838
"A2",0.819272092705841
"A1",-32.456870336187556
"A1",0.8238164498555995
"A2",1.0053416729491966
"A1",0.6106108677089148
"A2",1.1653677448357274
"A2",54.59880744486825
"A1",0.3547788699077221
"A1",0.34489462259458414
"A2",1.1838458467821338
"A1",0.02242199125926292
"A2",0.8219302039015175
"A2",0.9950264889930476
"A1",0.7654297290258216
"A2",1.52523619057036
"A1",11.75390570573931
"A1",15.09939679761115
"A2",0.8005104025585663
"A2",6.627919831808055
"A1",0.31956399120832013
"A2",10.393812493544594
"A1",0.16048838428712542
"A1",0.8838655677424796
"A2",1.2379695227179461
"A1",0.9525222760099314
"A1",0.9693196482217694
"A1",-33.38906496557314
"A2",1.5461983543908713
"A2",0.8317840453646879
"A2",-33.675907506949144
"A1",0.4393357416288086
"A1",35.08143275832572
"A2",1.3172756284142113
"A2",1.272489931741537
"A1",30.006200893786442
"A2",9.413270178465911
"A2",1.7743122707163068
"A1",0.1451100110858099
"A2",1.3430802496238892
"A1",0.596408591353127
"A2",31.91591110188383
"A1",0.1513962904486692
"A1",0.07024582444975191
"A1",1.7861358931581308
"A1",0.8418534149039953
"A2",1.65837404471583
"A1",0.8954467727851771
"A1",0.6560756013962801
"A1",0.6678232237913708
"A1",0.22798091079140925
"A2",1.7195634428529134
"A2",1.1259584239319382
"A1",2.7632280423956015
"A1",0.4268878205212172
"A1",-18.38884638345014
"A1",-8.060220304633578
"A1",0.08433819171895696
"A1",0.393372956272634
"A2",1.6077822562350101
"A2",1.6693350664045128
"A2",1.0400958146187953
"A2",0.9303221416659064
"A1",0.14230323215697616
"A1",0.3253188879291862
"A1",0.5092244412836213
"A1",0.18206748156622798
"A2",1.0238946830569127
"A2",0.8132897284834584
"A2",1.685578202031854
"A1",0.3257234991064284
"A1",0.7508322862653551
"A2",0.8303129781150269
"A2",1.3911460480705693
"A1",8.890803652599235
"A1",0.05131253595563723
"A2",1.060317225773949
"A1",0.16422191631525673
"A1",0.1362057548525688
"A2",1.5731639806003561
"A1",0.05508502477594712
"A1",0.28849931027927544
"A1",0.0800267087722939
"A2",1.4965705814991515
"A2",1.2580750992321408
"A2",1.3628608153997355
"A2",1.6556773786690686
"A2",0.863788181279374
"A2",0.963006246969371
"A2",1.2807720915536789
"A2",1.471631664501787
"A2",0.8055638180940832
"A2",0.8430568761876442
"A1",0.8701032214002022
"A2",-27.477316180745625
"A2",-19.25902599319666
"A1",0.5810683332190292
"A1",0.3915028075186049
"A1",0.8071697138199809
"A2",1.462613209788139
"A1",0.1332377415972299
"A1",-9.769242765637488
"A1",0.08899192581856208
"A2",-15.365197765764707
"A1",0.13188745717082195
"A2",0.8422222670641704
"A1",-36.910762512371484
"A1",0.47966766388285964
"A2",1.7649681898205054
"A1",0.15900717775035456
"A2",11.712526564275464
"A1",0.9198906006950249
"A2",1.3316509417948679
"A1",0.17148313248693414
"A2",-11.842387912535191
"A2",1.0480649521339744
"A2",25.834499861112562
"A2",0.9646091241279255
"A1",0.9759047499234568
"A1",0.21515042368853865
"A2",1.3454148446815848
"A1",0.5419220893182113
"A1",0.8736418694679728
"A2",22.436968306532126
"A2",1.3602844316064349
"A2",1.754328476917025
"A1",0.7089385889004876
"A1",0.911964958072832
"A2",1.3197971097160606
"A2",1.3811986925050648
"A2",0.9894573154809072
"A1",0.5761515223308238
"A1",0.20947643058197163
"A2",1.0158713223950728
"A2",1.1342061427139452
"A1",-8.323344853015813
"A1",0.42208090194907544
"A2",-11.93575800550703
"A1",0.25578118082945145
"A1",0.5880839410513454
"A1",0.7154272756318263
"A2",1.6116290525178405
"A1",0.5026849850785464
"A2",1.2574191768452465
"A2",-13.116733700266984
"A2",0.9200297742236225
"A2",1.4433821634875017
"A1",18.958235151779594
"A1",0.3081136521991068
"A2",-11.334265418002651
"A2",0.9621766052065208
"A1",0.39797831194063127
"A1",0.15087641016875386
"A2",0.7038698314303702
"A2",1.783529915217181
"A2",0.9523752685581623
"A1",0.9860721746143177
"A2",1.5788520468820955
"A1",0.1620775058173063
"A2",1.2556543124254236
"A1",0.9366993355597844
"A2",1.7318020848449653
"A1",15.758672458751013
"A1",0.669505791424001
"A2",1.4243464958383973
"A2",1.5197508923787861
"A2",1.6867044566029747
"A1",0.5263782568062305
"A2",1.7777722391698187
"A1",0.9850255999166211
"A1",0.2451548133331014
"A1",-7.405387496277161
"A2",0.8130545371659685
"A2",1.4886189517201078
"A1",0.6093928116427278
"A1",0.4644616192318667
"A1",0.6581164454861799
"A1",0.7979074399568271
"A1",8.011509283902477
"A1",0.12125643848828971
"A1",0.5192059183559936
"A1",0.28539614418612524
"A1",0.7664149822336639
"A1",0.7163269810088682
"A2",8.05268531524031
"A1",0.8430008398639603
"A1",0.8736955450177781
"A2",1.333022019164349
"A1",0.5516682032055322
"A2",1.656454509045484
"A1",0.6216666825918715
"A2",0.8498486384997643
"A1",-23.182135228608818
"A1",0.1281868687669654
"A1",0.3777889996401935
"A2",0.976518262173333
"A2",-3.4918506495093684
"A2",25.854243095687217
"A1",0.5058710469646379
"A2",1.7321832210847403
"A1",-14.301471930343666
"A1",0.30065882444858194
"A2",-38.98756923157872
"A1",30.236143066924786
"A2",19.3687650721154
"A1",0.8835869225591864
"A1",0.3470452314095971
"A1",0.1096934412080679
"A1",0.11704476016304377
"A2",1.669800281248142
"A2",1.1311144281977505
"A1",2.171936065491312
"A1",-20.976510299615835
"A2",1.393709859802538
"A1",0.347327386429499
"A2",10.477979492267425
"A1",0.13138709380676894
"A1",29.12604028408908
"A1",0.9632703391780606
"A1",0.1935151434504443
"A2",1.538644431847664
"A1",0.5702917015326725
"A2",-3.3430203064400272
"A2",0.9624154801466422
"A2",0.9489824205896868
"A1",0.1927975617886668
"A2",-3.3337076397534453
"A1",0.45275829467333173
"A2",1.2813815842702108
"A2",1.1794287126640044
"A1",0.41772664383351965
"A2",26.52091123896268
"A2",1.1503335152980039
"A2",1.418002728942711
"A1",0.223353413140168
"A2",1.7529410848763123
"A2",1.6096815182363087
"A2",1.6686616195591815
"A2",-17.7377934834311
"A2",1.5496020679175537
"A1",0.5493396354131392
"A1",0.9855236932227978
"A2",1.3621709395229422
"A2",1.034524346062932
"A2",0.8860204437467751
"A2",1.4360243529502497
"A2",1.2217784629284014
"A1",-25.02060991441723
"A2",1.0068237433923661
"A1",0.8343060271315221
"A1",0.9592324404458539
"A2",1.393813365402919
"A1",0.2264454312483779
"A2",1.6065016024658154
"A2",1.2405812464371058
"A1",0.36099116879563287
"A1",7.579897988012825
"A1",0.5297284655974821
"A2",0.964964856789674
"A1",0.22636636097765783
"A2",0.9072625065092821
"A2",1.353898527705541
"A2",0.8637097193349159
"A1",0.11322099082331727
"A1",-30.283521157047808
"A1",0.3230072987928936
"A2",1.5287604913171449
"A2",1.5495412683493506
"A1",25.59251745589456
"A1",0.5488681520987813
"A2",-21.19005453972239
"A2",1.259257622633
"A1",0.7224203070658382
"A1",18.220426381458445
"A1",-12.534024900896418
"A2",1.1389040814561842
"A1",0.4942741065137304
"A2",1.7791418844856441
"A2",1.0758342100113925
"A1",0.6819642870165559
"A2",0.8954064249002172
"A1",0.892633293844816
"A2",1.4008651976373017
"A2",1.3376706314769877
"A1",0.36084838675639674
"A1",0.3881730007386228
"A1",38.82445078888791
"A2",0.9678756478642125
"A2",0.8231418638108849
"A1",0.9416570021566839
"A2",1.0007252202948689
"A1",0.05563568497273974
"A2",0.8771701407463981
"A1",0.7065945318781399
"A2",1.0935030541357618
"A1",0.21636617848655004
"A2",1.0227247768959193
"A2",1.5771818260539558
"A2",1.727362111758434
"A1",19.261752887927454
"A2",1.2638844693616313
"A2",-6.9380951366067585
"A1",0.336634423486176
"A1",0.965501368550848
"A2",0.8967677761515729
"A2",1.5883139467320393
"A1",11.829613257023185
"A2",1.6140686222364116
"A1",0.5790332864253191
"A1",0.7771973694621821
"A1",0.8768225689026687
"A1",0.019577837404110676
"A2",41.03937549335036
"A1",0.6261085382548921
"A1",0.031797520714589966
"A2",1.7644442008694556
"A2",4.729183751981546
"A1",0.9189481117535461
"A2",1.3780516593582854
"A1",13.458806267607706
"A1",10.020183986891714
"A1",0.4966699002098667
"A1",0.5311706558612423
"A1",0.10042407932174657
"A1",0.0870748428024688
"A1",-2.3353554764055184
"A2",0.8679737813504538
"A2",1.4740182442961558
"A1",0.9028987730053755
"A2",0.900380057166323
"A2",11.586829919648439
"A1",0.023609448992230053
"A2",-13.362961977294972
"A2",1.5464602920754544
"A1",-4.658964823376656
"A2",0.9457436612710035
"A1",0.8031368652382447
"A1",0.2536553996364741
"A1",0.8758003375176384
"A2",7.092997556852696
"A1",0.3024104241379715
"A1",-27.71984087855997
"A1",0.616819886741516
"A2",1.574263319612862
"A2",23.94280689477495
"A2",0.9831651874721394
"A1",0.16487937568704347
"A2",1.703826294677218
"A1",0.9140370393706738
"A1",0.35656239884431873
"A2",1.2038073250864554
"A2",8.918422020208054
"A1",0.5020376975590755
"A1",0.7393871703521881
"A2",1.1428925754266641
"A1",0.7900734499669093
"A1",0.7468627460648647
"A1",0.4043445664091334
"A2",-15.227069145798088
"A2",20.690648868329504
"A1",0.2573176619684603
"A2",17.768683563312923
"A2",-24.761157305115567
"A1",0.2784388696718423
"A1",-23.461982256189017
"A1",0.3651326661728287
"A1",0.37328549901516705
"A1",-1.7468278809254199
"A1",0.33891295775614916
"A2",1.7172513658760875
"A2",1.715034979978031
"A2",1.4707855595139516
"A2",-6.062839186279067
"A2",1.614057840208131
"A2",1.1704891452596802
"A1",0.5066730108765509
"A1",0.23132344130897797
"A2",1.1927149319895647
"A1",0.7978250662168644
"A2",0.913093623647637
"A1",0.4290188190430415
"A1",9.202135472257453
"A2",0.9702382431421139
"A2",28.53513276656009
"A2",1.1980250531653394
"A2",0.8654207868443604
"A2",1.055204880398567
"A2",0.8926339625561996
"A2",1.559856688227172
"A2",1.6465687956109865
"A2",1.513996476793027
"A1",0.21938999366632306
"A2",1.1607133456450553
"A1",0.06859019531270438
"A1",0.9081731066301573
"A2",1.097112605501042
"A1",0.8042157656774844
"A1",0.5386067713214295
"A2",1.5877284687669522
"A1",0.981120625510834
"A2",1.591846974108546
"A1",0.2610747697637701
"A1",0.09352696406577876
"A2",1.401872374007393
"A1",0.009645539554698601
"A2",0.9568094726861813
"A2",1.4320008591257773
"A1",0.8319725753847593
"A1",0.4286111877476415
"A1",-4.193962266035015
"A2",0.8437991104705738
"A1",-23.419343284573355
"A1",0.8254580359475656
"A1",-17.21974381030768
"A2",18.931198523692004
"A1",0.22994605296921744
"A2",1.5931705905133187
"A1",0.5021622859894426
"A2",-7.851591754497324
"A2",1.0071091746115426
"A1",0.9961176401129881
"A1",0.9023534306766563
"A1",0.36173018428657966
"A1",-6.2300523533523355
"A2",14.795662283633227
"A1",0.8648586336590722
"A2",1.4864011080180843
"A2",0.8969582553519526
"A1",0.8125652091174038
"A2",1.6330416116173376
"A2",0.9816990751226569
"A2",0.9635623826711159
"A2",1.0264287649742296
"A2",5.9436308743892585
"A1",0.4587172243952966
"A2",1.5835919224992605
"A1",0.7388190880640968
"A1",0.894544342999021
"A1",0.15188525578131196
"A2",1.0368784280799084
"A1",0.3977791369811372
"A1",11.31234294393313
"A1",-40.83272902923081
"A1",0.9498956499824573
"A2",1.4414900416543823
"A2",15.486317806266522
"A1",0.514151105889586
"A2",1.0550404805346358
"A2",1.1393831010847806
"A1",0.9356016831832421
"A2",1.779488676818588
"A2",15.900001387891468
"A2",1.4645517727764257
"A1",0.428930105465543
"A1",0.6114263558723607
"A1",-36.27514852126338
"A2",1.4792021694722015
"A2",0.8453387041053597
"A2",1.4669928602843239
"A2",1.024665922208227
"A1",0.14236028263030498
"A1",0.8397643844765517
"A2",1.4829193598985364
"A1",0.6318898325478701
"A2",1.521833736734448
"A1",0.8267495191789838
"A2",1.653591370601088
"A2",1.3100495027018924
"A2",1.5712745846674556
"A1",0.19407177273921872
"A1",0.7338654893166872
"A2",0.810997837945185
"A2",1.0778374116170126
"A2",-5.751578866804097
"A2",1.7751547599845061
"A2",1.7622616720272404
"A1",0.7910429076491348
"A2",0.9116247328844393
"A1",0.18878559073925683
"A2",1.1744812079392537
"A2",1.6806124067000983
"A1",0.8170203456787257
"A1",0.5966765969930179
"A1",0.5935972146462227
"A2",1.0402411872490849
"A1",0.13277148477717193
"A2",1.1400069578160588
"A1",0.6057812746802309
"A2",1.4544801385510442
"A2",1.1388957802697048
"A2",1.6252696282623138
"A2",1.5911723834378024
"A1",0.20802191232139022
"A1",0.7882103540090568
"A2",0.8227782385551277
"A1",0.5026876173380772
"A2",1.431860997828518
"A2",1.1926568397627568
"A2",0.9154497875338738
"A1",0.06718633118444295
"A1",0.32698607193069074
"A2",1.0319919665253572
"A2",1.1177671350605751
"A2",1.0819714369935713
"A1",0.5286473474654925
"A2",1.6622044711575432
"A1",0.6436302884644609
"A2",1.7328345944041685
"A1",17.065698305341666
"A1",46.14920505186194
"A2",1.3164051374283443
"A2",-3.605458369575561
"A2",-19.770933150887277
"A2",0.8628288191623577
"A1",0.3356352917006833
"A2",0.8915534316782943
"A1",0.9849226506712323
"A1",0.800148798666074
"A2",1.2415586771018932
"A2",-22.00715140160129
"A2",1.418693285760742
"A1",0.9545010949656854
"A1",-9.679595116587159
"A1",0.7299212789016303
"A2",1.7469818530441716
"A1",0.0991993440271488
"A1",0.6553814321662101
"A2",1.129146880681255
"A1",0.49780466820707403
"A2",0.9167454103728576
"A1",0.025438936544895707
"A1",0.18164446108628085
"A2",1.764584785782493
"A1",0.7222267100919495
"A1",0.9254752902547561
"A2",0.9302934011078825
"A2",22.03749133162945
"A1",0.8617944294263247
"A1",0.6390924478465534
"A1",1.7891862219548742
"A1",0.23552212644338422
"A2",1.671124816314479
"A1",0.03260702529398385
"A1",1.8247752369447316
"A1",-9.853657751542356
"A2",1.0189773879979893
"A2",1.3318540533513041
"A2",0.8026832927952405
"A1",0.10385455945688693
"A2",1.7265580005872263
"A1",0.41844529391703356
"A2",1.5667735214604532
"A2",1.7819154494606269